Fill surface OLS:
  R^2 = 0.881944
       term      coef  std_err  p_value
      const  0.522170 0.001433 0.000000
q_near_norm  0.038405 0.003836 0.000000
 q_opp_norm  0.000388 0.003839 0.919503
  imbalance -0.387467 0.003066 0.000000

Fill-probability gates:
                   name  threshold  selected_quantile  total_count  kept_count  kept_share  min_count_floor  kept_fill_count  min_fill_floor  floor_met
     dataset_gate_train   0.800272           0.800000      1565146      324576    0.207377              250    268559.000000       25.000000       True
trading_gate_validation   0.853281           0.980000     30240000      604801    0.020000              250              NaN             NaN       True
     dataset_gate_refit   0.799159           0.800000      1511494      302299    0.200000              250    248580.000000       25.000000       True
      trading_gate_test   0.846764           0.980000     30239998      604800    0.020000              250              NaN             NaN       True

Logistic train / validation / test metrics:
     split  n_orders  pos_rate  roc_auc  avg_precision  log_loss    brier  accuracy@0.5
     train    324575  0.082024 0.580155       0.108868  0.280606 0.074815      0.917967
validation     48512  0.078826 0.578122       0.105228  0.272970 0.072162      0.921174
      test     24527  0.086517 0.553030       0.103838  0.293728 0.078931      0.913361

Validation balanced-inventory backtest (Logistic):
 threshold_quantile  threshold  Sharpe1H365  Sortino1H365  ReturnPct  AnnualReturnPct  MaxDrawdownPct  ReturnOverMDD  DailyTrades  DailyTradingValuePct  MaxPositionValue  roundtrip_count  valid_for_selection
           0.800000   0.092756   -26.320622    -28.440684  -0.046358        -8.640362        0.057471      -0.806635   229.276596            231.042669         90.142950              224                 True
           0.850000   0.097482   -25.101518    -26.744390  -0.039131        -7.293372        0.052284      -0.748433   177.191489            178.504404         90.142950              173                 True
           0.855000   0.098046   -27.217591    -28.435808  -0.044479        -8.290195        0.055959      -0.794863   170.042553            171.315730         90.142950              166                 True
           0.900000   0.104201    -6.159844     -7.607356  -0.008989        -1.675423        0.026361      -0.340999   106.723404            107.415136         90.142950              104                 True
           0.900000   0.104201    -6.159844     -7.607356  -0.008989        -1.675423        0.026361      -0.340999   106.723404            107.415136         90.142950              104                 True
           0.935000   0.111369    -2.140224     -2.976116  -0.003334        -0.621339        0.020120      -0.165691    74.553191             74.996187         90.142950               73                 True
           0.950000   0.115632   -18.771509    -21.494879  -0.029884        -5.569951        0.044010      -0.679042    54.638298             54.937415         90.220050               53                 True
           0.950000   0.115632   -18.771509    -21.494879  -0.029884        -5.569951        0.044010      -0.679042    54.638298             54.937415         90.220050               53                 True
           0.975000   0.127146     8.855176     12.836190   0.014723         2.744088        0.014980       0.982839    25.531915             25.664334         90.220050               25                 True
           0.980000   0.131026    10.366488     15.332662   0.017212         3.207960        0.012312       1.397914    18.382979             18.500836         90.220050               18                 True
           0.985000   0.135615    17.569855     29.729479   0.027526         5.130418        0.007665       3.591072    15.319149             15.422413         90.220050               15                 True
           0.987000   0.137904    24.134933     45.910310   0.038580         7.190641        0.007665       5.033140    14.297872             14.391722         90.220050               14                 True
           0.990000   0.142406    22.305335     43.525478   0.035368         6.591929        0.007665       4.614067     9.702128              9.777489         90.220050                9                 True
           1.000000   0.451898          NaN           NaN   0.000000         0.000000        0.000000            NaN     0.000000              0.000000          0.000000                0                False

Validation score-grid thresholds: (0.092755575478, 0.097482046485, 0.098046180457, 0.104200716317, 0.104200716317, 0.111368722022, 0.115632377565, 0.115632377565, 0.127146318555, 0.131026055217, 0.13561529249, 0.137904317975, 0.142405964732, 0.451897829771)

Selected threshold quantile: logistic=0.987, validation_threshold=0.137904317975

Shadow consistency threshold sweep (validation-stage model/gates on test days):
 threshold_quantile  threshold  Sharpe1H365  Sortino1H365  ReturnPct  AnnualReturnPct  MaxDrawdownPct  ReturnOverMDD  DailyTrades  DailyTradingValuePct  MaxPositionValue  roundtrip_count  valid_for_selection
           0.800000   0.092756   -34.798027    -36.130391  -0.030841       -11.746527        0.032329      -0.953994   140.869565            137.264376         89.111950               67                 True
           0.850000   0.097482    -5.851319     -7.737742  -0.005541        -2.110461        0.016806      -0.329704   105.391304            102.647585         89.111950               50                 True
           0.855000   0.098046    -2.430520     -3.376980  -0.002201        -0.838145        0.012792      -0.172028   101.217391             98.552280         89.111950               48                 True
           0.900000   0.104201   -13.669808    -16.084554  -0.011689        -4.452153        0.020894      -0.559456    68.869565             67.097311         89.111950               33                 True
           0.900000   0.104201   -13.669808    -16.084554  -0.011689        -4.452153        0.020894      -0.559456    68.869565             67.097311         89.111950               33                 True
           0.935000   0.111369    16.279963     29.398166   0.018226         6.941781        0.019365       0.941190    53.217391             51.963581         89.111950               25                 True
           0.950000   0.115632    -1.784317     -2.369112  -0.001468        -0.559032        0.022080      -0.066477    44.869565             43.917044         89.111950               21                 True
           0.950000   0.115632    -1.784317     -2.369112  -0.001468        -0.559032        0.022080      -0.066477    44.869565             43.917044         89.111950               21                 True
           0.975000   0.127146   -23.819108    -26.191639  -0.018060        -6.878670        0.022051      -0.819020    26.086957             25.518720         89.111950               12                 True
           0.980000   0.131026   -23.397748    -25.128918  -0.020013        -7.622253        0.022953      -0.871897    19.826087             19.399854         88.561750                9                 True
           0.985000   0.135615   -26.863073    -28.530523  -0.022750        -8.664616        0.022953      -0.991131    15.652174             15.263562         88.561750                7                 True
           0.987000   0.137904   -26.863073    -28.530523  -0.022750        -8.664616        0.022953      -0.991131    15.652174             15.263562         88.561750                7                 True
           0.990000   0.142406     0.251772      0.369954   0.000291         0.110665        0.019946       0.014567    15.652174             15.240557         88.561750                7                 True
           1.000000   0.451898          NaN           NaN   0.000000         0.000000        0.000000            NaN     0.000000              0.000000          0.000000                0                False

Test balanced-inventory threshold sweep (Logistic, refit on pre-test window):
 threshold_quantile  threshold  Sharpe1H365  Sortino1H365  ReturnPct  AnnualReturnPct  MaxDrawdownPct  ReturnOverMDD  DailyTrades  DailyTradingValuePct  MaxPositionValue  roundtrip_count  valid_for_selection
           0.800000   0.093698    -1.163263     -1.713724  -0.001080        -0.411281        0.012927      -0.083534   165.913043            161.385799         89.111950               79                 True
           0.850000   0.098724     0.078299      0.111269   0.000068         0.025985        0.012954       0.005267   122.086957            118.735768         89.111950               58                 True
           0.855000   0.099306     1.074743      1.558449   0.000947         0.360655        0.014001       0.067631   113.739130            110.490538         89.111950               54                 True
           0.900000   0.106068   -17.279170    -18.306310  -0.016597        -6.321458        0.022705      -0.731015    73.043478             71.190698         89.111950               35                 True
           0.900000   0.106068   -17.279170    -18.306310  -0.016597        -6.321458        0.022705      -0.731015    73.043478             71.190698         89.111950               35                 True
           0.935000   0.114335     0.239767      0.380152   0.000232         0.088461        0.021831       0.010639    49.043478             47.716225         88.561750               23                 True
           0.950000   0.119542     6.445766     10.391871   0.006450         2.456538        0.020430       0.315710    40.695652             39.741167         88.561750               19                 True
           0.950000   0.119542     6.445766     10.391871   0.006450         2.456538        0.020430       0.315710    40.695652             39.741167         88.561750               19                 True
           0.975000   0.133619   -32.492430    -33.575275  -0.029623       -11.282560        0.030195      -0.981057    19.826087             19.296827         88.561750                9                 True
           0.980000   0.138178    -0.687232     -0.993538  -0.000731        -0.278285        0.020707      -0.035286    17.739130             17.214871         88.561750                8                 True
           0.985000   0.143973     5.793624      8.766996   0.005933         2.259563        0.013194       0.449637    15.652174             15.152227         88.561750                7                 True
           0.987000   0.146808     3.994611      5.924336   0.004009         1.526909        0.013194       0.303844    13.565217             13.093165         88.561750                6                 True
           0.990000   0.152358    -4.328644     -5.895019  -0.004632        -1.764002        0.019946      -0.232203    11.478261             11.113310         88.561750                5                 True
           1.000000   0.839496          NaN           NaN   0.000000         0.000000        0.000000            NaN     0.000000              0.000000          0.000000                0                False

Logistic coefficients (refit on pre-test window):
                                          term      coef   std_err     z_value  p_value
                                         const -2.472092  0.006887 -358.973514 0.000000
                                     stdev_100 -0.063765  0.032620   -1.954769 0.050610
                                     stdev_500 -0.003642  0.013424   -0.271299 0.786161
                      log1p(amplitude_80ms_w0) -0.047065  0.022454   -2.096076 0.036075
                              ret_vwap_80ms_w0  0.009573  0.014381    0.665680 0.505616
                      log1p(amplitude_80ms_w1)  0.032043  0.019289    1.661252 0.096663
                              ret_vwap_80ms_w1  0.035579  0.014500    2.453678 0.014140
                      log1p(amplitude_80ms_w2)  0.018338  0.017687    1.036812 0.299824
                              ret_vwap_80ms_w2  0.004326  0.012595    0.343473 0.731243
                               amplitude_1s_w0 -0.046899  0.021336   -2.198116 0.027941
                                ret_vwap_1s_w0 -0.001867  0.018008   -0.103666 0.917434
                        log1p(amplitude_1s_w1)  0.005327  0.016491    0.323035 0.746669
                                ret_vwap_1s_w1  0.020179  0.029603    0.681668 0.495449
                        log1p(amplitude_1s_w2) -0.029314  0.016424   -1.784753 0.074301
                                ret_vwap_1s_w2  0.004168  0.036637    0.113762 0.909427
                               amplitude_5s_w0  0.010676  0.018987    0.562277 0.573927
                                ret_vwap_5s_w0 -0.038257  0.020601   -1.857052 0.063304
                               amplitude_5s_w1 -0.021655  0.018292   -1.183812 0.236488
                                ret_vwap_5s_w1 -0.023712  0.032769   -0.723597 0.469313
                               amplitude_5s_w2 -0.032468  0.018974   -1.711192 0.087046
                                ret_vwap_5s_w2  0.083239  0.041787    1.992006 0.046370
                              amplitude_30s_w0 -0.013048  0.017815   -0.732380 0.463936
                               ret_vwap_30s_w0  0.015666  0.021177    0.739735 0.459461
                              amplitude_30s_w1  0.000948  0.016568    0.057209 0.954379
                               ret_vwap_30s_w1  0.016427  0.030193    0.544043 0.586412
                              amplitude_30s_w2  0.022745  0.015958    1.425322 0.154064
                               ret_vwap_30s_w2 -0.116089  0.039969   -2.904479 0.003679
                             amplitude_300s_w0  0.037680  0.018214    2.068745 0.038570
                              ret_vwap_300s_w0  0.016846  0.017083    0.986140 0.324064
                             amplitude_300s_w1  0.027756  0.017088    1.624338 0.104304
                              ret_vwap_300s_w1  0.045423  0.027828    1.632261 0.102624
                             amplitude_300s_w2  0.000258  0.016392    0.015735 0.987446
                              ret_vwap_300s_w2  0.000289  0.037087    0.007799 0.993777
                       log1p(max_size_80ms_w0)  0.013405  0.025240    0.531114 0.595340
                       log1p(avg_size_80ms_w0)  0.025339  0.011524    2.198743 0.027896
                     log1p(same_count_80ms_w0)  0.038741  0.009998    3.875089 0.000107
                             opp_count_80ms_w0 -0.014172  0.032072   -0.441894 0.658566
                     log1p(total_same_80ms_w0) -0.012692  0.011667   -1.087843 0.276664
                      log1p(total_opp_80ms_w0) -0.075343  0.026984   -2.792196 0.005235
                       log1p(max_size_80ms_w1) -0.028010  0.023447   -1.194597 0.232245
                       log1p(avg_size_80ms_w1) -0.008588  0.010339   -0.830585 0.406208
                     log1p(same_count_80ms_w1) -0.013055  0.011091   -1.177111 0.239151
                      log1p(opp_count_80ms_w1) -0.054681  0.026929   -2.030536 0.042302
                     log1p(total_same_80ms_w1)  0.023799  0.011494    2.070600 0.038396
                      log1p(total_opp_80ms_w1)  0.053938  0.024130    2.235295 0.025398
                       log1p(max_size_80ms_w2) -0.054958  0.024402   -2.252139 0.024313
                       log1p(avg_size_80ms_w2) -0.008748  0.010768   -0.812439 0.416540
                     log1p(same_count_80ms_w2) -0.011046  0.012690   -0.870453 0.384053
                      log1p(opp_count_80ms_w2) -0.093781  0.025140   -3.730307 0.000191
                     log1p(total_same_80ms_w2)  0.021032  0.012840    1.638022 0.101417
                      log1p(total_opp_80ms_w2)  0.066945  0.023723    2.821908 0.004774
                                max_size_1s_w0  0.006103  0.009507    0.641902 0.520937
                                avg_size_1s_w0 -0.015773  0.010155   -1.553189 0.120378
                       log1p(same_count_1s_w0) -0.053250  0.016362   -3.254497 0.001136
                               opp_count_1s_w0  0.080692  0.028105    2.871099 0.004090
                       log1p(total_same_1s_w0)  0.011571  0.015314    0.755559 0.449913
                        log1p(total_opp_1s_w0) -0.000885  0.018205   -0.048609 0.961231
                         log1p(max_size_1s_w1) -0.014453  0.018401   -0.785425 0.432205
                                avg_size_1s_w1  0.003693  0.008463    0.436351 0.662582
                       log1p(same_count_1s_w1) -0.013121  0.018064   -0.726388 0.467601
                        log1p(opp_count_1s_w1)  0.004463  0.018777    0.237657 0.812147
                       log1p(total_same_1s_w1)  0.022260  0.017590    1.265482 0.205698
                        log1p(total_opp_1s_w1)  0.037302  0.018590    2.006596 0.044793
                         log1p(max_size_1s_w2) -0.001620  0.018634   -0.086910 0.930743
                                avg_size_1s_w2  0.005262  0.008186    0.642761 0.520379
                       log1p(same_count_1s_w2)  0.042448  0.018662    2.274592 0.022930
                        log1p(opp_count_1s_w2) -0.000910  0.018119   -0.050211 0.959954
                       log1p(total_same_1s_w2)  0.013291  0.018241    0.728653 0.466214
                        log1p(total_opp_1s_w2) -0.008636  0.018386   -0.469697 0.638572
                                max_size_5s_w0 -0.013713  0.011694   -1.172685 0.240922
                                avg_size_5s_w0 -0.002797  0.012314   -0.227150 0.820307
                       log1p(same_count_5s_w0)  0.008174  0.024444    0.334384 0.738090
                               opp_count_5s_w0 -0.069402  0.040745   -1.703305 0.088511
                       log1p(total_same_5s_w0) -0.006904  0.023170   -0.297997 0.765706
                        log1p(total_opp_5s_w0)  0.030889  0.019043    1.622079 0.104786
                                max_size_5s_w1  0.010420  0.008600    1.211600 0.225665
                                avg_size_5s_w1 -0.000247  0.009410   -0.026288 0.979028
                       log1p(same_count_5s_w1)  0.025668  0.018975    1.352720 0.176145
                               opp_count_5s_w1  0.003413  0.048570    0.070272 0.943977
                       log1p(total_same_5s_w1) -0.016326  0.018970   -0.860628 0.389443
                        log1p(total_opp_5s_w1) -0.004433  0.013630   -0.325285 0.744965
                                max_size_5s_w2 -0.009398  0.010281   -0.914130 0.360649
                                avg_size_5s_w2 -0.022802  0.010640   -2.142936 0.032118
                       log1p(same_count_5s_w2)  0.017293  0.018819    0.918918 0.358139
                        log1p(opp_count_5s_w2) -0.020053  0.017579   -1.140699 0.253995
                       log1p(total_same_5s_w2)  0.032731  0.019276    1.698025 0.089503
                        log1p(total_opp_5s_w2)  0.022807  0.018661    1.222168 0.221644
                               max_size_30s_w0  0.015524  0.012030    1.290444 0.196897
                               avg_size_30s_w0  0.024239  0.013107    1.849235 0.064424
                             same_count_30s_w0 -0.147197  0.697068   -0.211167 0.832757
                              opp_count_30s_w0  0.200743  0.697219    0.287920 0.773408
                      log1p(total_same_30s_w0) -0.077547  0.020372   -3.806457 0.000141
                              total_opp_30s_w0 -0.081017  0.022560   -3.591105 0.000329
                               max_size_30s_w1 -0.001548  0.008758   -0.176722 0.859727
                               avg_size_30s_w1 -0.005614  0.010429   -0.538261 0.590397
                             same_count_30s_w1 -0.054485  0.587906   -0.092676 0.926161
                              opp_count_30s_w1  0.046699  0.586276    0.079653 0.936513
                      log1p(total_same_30s_w1)  0.028581  0.015524    1.841115 0.065605
                       log1p(total_opp_30s_w1)  0.047647  0.014826    3.213788 0.001310
                               max_size_30s_w2 -0.004533  0.009125   -0.496793 0.619335
                               avg_size_30s_w2  0.003482  0.009927    0.350711 0.725806
                             same_count_30s_w2  0.047882  0.570633    0.083911 0.933128
                              opp_count_30s_w2 -0.038213  0.575898   -0.066354 0.947096
                      log1p(total_same_30s_w2) -0.024295  0.015355   -1.582240 0.113595
                              total_opp_30s_w2 -0.007559  0.021598   -0.349990 0.726346
                              max_size_300s_w0  0.003760  0.009890    0.380212 0.703788
                              avg_size_300s_w0 -0.005851  0.013148   -0.445059 0.656277
                            same_count_300s_w0 -0.148312  5.422880   -0.027349 0.978181
                             opp_count_300s_w0  0.027742  5.419602    0.005119 0.995916
                            total_same_300s_w0  0.020390  0.030534    0.667759 0.504287
                             total_opp_300s_w0  0.086996  0.034471    2.523737 0.011611
                              max_size_300s_w1  0.009880  0.008468    1.166695 0.243334
                              avg_size_300s_w1  0.020649  0.010259    2.012658 0.044151
                            same_count_300s_w1 -0.069766  4.415674   -0.015800 0.987394
                             opp_count_300s_w1  0.119399  4.376331    0.027283 0.978234
                            total_same_300s_w1 -0.072026  0.032119   -2.242477 0.024931
                             total_opp_300s_w1 -0.000354  0.030408   -0.011646 0.990708
                              max_size_300s_w2  0.000528  0.008567    0.061642 0.950848
                              avg_size_300s_w2  0.010162  0.009832    1.033562 0.301341
                            same_count_300s_w2 -0.064754  4.366776   -0.014829 0.988169
                             opp_count_300s_w2  0.034135  4.365273    0.007820 0.993761
                            total_same_300s_w2  0.053409  0.029279    1.824154 0.068129
                             total_opp_300s_w2  0.011297  0.029908    0.377742 0.705622
                           ret_autocov_80ms_w0  0.003209  0.007312    0.438879 0.660749
                               ret_sum_80ms_w0  0.014506  0.021913    0.661989 0.507978
                       trade_intensity_80ms_w0  0.008147  0.006372    1.278571 0.201048
                           ret_autocov_80ms_w1 -0.006013  0.005158   -1.165733 0.243723
                               ret_sum_80ms_w1 -0.005861  0.014069   -0.416583 0.676983
                log1p(trade_intensity_80ms_w1)  0.005057  0.019244    0.262781 0.792719
                           ret_autocov_80ms_w2 -0.002250  0.006317   -0.356101 0.721765
                               ret_sum_80ms_w2 -0.015837  0.011412   -1.387760 0.165210
                log1p(trade_intensity_80ms_w2)  0.061737  0.019562    3.155918 0.001600
                             ret_autocov_1s_w0  0.004034  0.007452    0.541380 0.588246
                                 ret_sum_1s_w0  0.049400  0.040434    1.221753 0.221801
                         trade_intensity_1s_w0 -0.001544  0.006909   -0.223498 0.823148
                             ret_autocov_1s_w1  0.001989  0.009343    0.212870 0.831428
                                 ret_sum_1s_w1  0.007793  0.026411    0.295061 0.767947
                  log1p(trade_intensity_1s_w1) -0.009877  0.016628   -0.594000 0.552512
                             ret_autocov_1s_w2  0.007081  0.008132    0.870734 0.383899
                                 ret_sum_1s_w2 -0.042953  0.015174   -2.830680 0.004645
                  log1p(trade_intensity_1s_w2) -0.008069  0.016511   -0.488702 0.625053
                             ret_autocov_5s_w0 -0.007575  0.013515   -0.560542 0.575110
                                 ret_sum_5s_w0  0.002106  0.046937    0.044875 0.964207
                         trade_intensity_5s_w0  0.039793  0.034461    1.154725 0.248203
                             ret_autocov_5s_w1  0.007684  0.009220    0.833403 0.404618
                                 ret_sum_5s_w1  0.041889  0.038592    1.085452 0.277722
                         trade_intensity_5s_w1  0.013093  0.047987    0.272838 0.784978
                             ret_autocov_5s_w2  0.014857  0.011044    1.345327 0.178520
                                 ret_sum_5s_w2 -0.001922  0.015975   -0.120322 0.904228
                         trade_intensity_5s_w2 -0.002003  0.023262   -0.086116 0.931374
                            ret_autocov_30s_w0 -0.020615  0.012178   -1.692812 0.090491
                                ret_sum_30s_w0  0.027076  0.048221    0.561495 0.574460
                        trade_intensity_30s_w0  0.028295  1.313441    0.021542 0.982813
                            ret_autocov_30s_w1  0.007238  0.009750    0.742374 0.457861
                                ret_sum_30s_w1 -0.050773  0.037029   -1.371142 0.170331
                        trade_intensity_30s_w1 -0.030326  1.112031   -0.027271 0.978244
                            ret_autocov_30s_w2  0.005428  0.009232    0.587949 0.556567
                                ret_sum_30s_w2 -0.051081  0.030138   -1.694884 0.090097
                        trade_intensity_30s_w2  0.000248  1.085082    0.000229 0.999818
                           ret_autocov_300s_w0 -0.010565  0.011371   -0.929131 0.352821
                               ret_sum_300s_w0  0.049338  0.043776    1.127065 0.259715
                       trade_intensity_300s_w0 -0.059790 10.730930   -0.005572 0.995554
                           ret_autocov_300s_w1 -0.015012  0.009488   -1.582265 0.113589
                               ret_sum_300s_w1  0.009885  0.031880    0.310069 0.756508
                       trade_intensity_300s_w1  0.028461  8.710230    0.003268 0.997393
                           ret_autocov_300s_w2  0.005279  0.007989    0.660779 0.508754
                               ret_sum_300s_w2 -0.006454  0.021372   -0.302001 0.762651
                       trade_intensity_300s_w2 -0.015591  8.650126   -0.001802 0.998562
                                  top_near_liq  0.035867  0.011079    3.237355 0.001206
                                   top_opp_liq -0.048434  0.010481   -4.621103 0.000004
                                  ob_near_half -0.107172  0.012108   -8.851098 0.000000
                                     totb_mean -0.005606  0.007274   -0.770667 0.440904
                                    log1p(age)  0.091469  0.007357   12.432511 0.000000
                                    is_weekend -0.005468  0.007408   -0.738139 0.460430
  opp_count_80ms_w0 * log1p(total_opp_80ms_w0)  0.019247  0.017345    1.109663 0.267144
       top_near_liq * log1p(total_opp_80ms_w0)  0.039615  0.010326    3.836372 0.000125
                ob_near_half * opp_count_1s_w0  0.023303  0.011308    2.060628 0.039339
            ret_vwap_80ms_w1 * opp_count_1s_w0  0.000083  0.007590    0.010943 0.991269
    log1p(amplitude_80ms_w0) * amplitude_1s_w0  0.032116  0.014579    2.202891 0.027602
log1p(amplitude_80ms_w0) * ret_autocov_300s_w1  0.000297  0.008937    0.033217 0.973502

Shadow consistency backtest (validation-stage selected threshold on test days):
 threshold_quantile  threshold  Sharpe1H365  Sortino1H365  ReturnPct  AnnualReturnPct  MaxDrawdownPct  ReturnOverMDD  DailyTrades  DailyTradingValuePct  MaxPositionValue  roundtrip_count  valid_for_selection
           0.987000   0.137904   -26.863073    -28.530523  -0.022750        -8.664616        0.022953      -0.991131    15.652174             15.263562         88.561750                7                 True

Applied refit-period threshold for test: logistic=0.146808256209

Test balanced-inventory backtest (Logistic, selected threshold, refit on pre-test window):
 threshold_quantile  threshold  Sharpe1H365  Sortino1H365  ReturnPct  AnnualReturnPct  MaxDrawdownPct  ReturnOverMDD  DailyTrades  DailyTradingValuePct  MaxPositionValue  roundtrip_count  valid_for_selection
           0.987000   0.146808     3.994611      5.924336   0.004009         1.526909        0.013194       0.303844    13.565217             13.093165         88.561750                6                 True
