Fill surface OLS:
  R^2 = 0.872950
       term      coef  std_err  p_value
      const  0.520952 0.001504 0.000000
q_near_norm  0.048166 0.004026 0.000000
 q_opp_norm  0.002289 0.004030 0.570020
  imbalance -0.392750 0.003217 0.000000

Fill-probability gates:
                   name  threshold  selected_quantile  total_count  kept_count  kept_share  min_count_floor  kept_fill_count  min_fill_floor  floor_met
     dataset_gate_train   0.804962           0.800000      1485148      299557    0.201702              250    250878.000000       25.000000       True
trading_gate_validation   0.859415           0.980000     30239998      604800    0.020000              250              NaN             NaN       True
     dataset_gate_refit   0.808343           0.800000      1410645      282129    0.200000              250    236656.000000       25.000000       True
      trading_gate_test   0.863280           0.980000     30240000      604800    0.020000              250              NaN             NaN       True

Logistic train / validation / test metrics:
     split  n_orders  pos_rate  roc_auc  avg_precision  log_loss    brier  accuracy@0.5
     train    299556  0.091205 0.576277       0.117659  0.302252 0.082362      0.908812
validation     25394  0.085650 0.574388       0.110106  0.290006 0.077972      0.914350
      test     32698  0.078384 0.572553       0.098980  0.272865 0.072005      0.921524

Validation balanced-inventory backtest (Logistic):
 threshold_quantile  threshold  Sharpe1H365  Sortino1H365  ReturnPct  AnnualReturnPct  MaxDrawdownPct  ReturnOverMDD  DailyTrades  DailyTradingValuePct  MaxPositionValue  roundtrip_count  valid_for_selection
           0.800000   0.106485    -2.269263     -3.492246  -0.002140        -0.398921        0.011066      -0.193421   116.936170            115.856711         95.442950              114                 True
           0.850000   0.113129    10.742960     17.447184   0.008928         1.664091        0.008895       1.003740    89.361702             88.658712         95.442950               87                 True
           0.855000   0.114060    14.881773     25.938029   0.011867         2.211779        0.008895       1.334092    86.297872             85.670888         95.442950               84                 True
           0.900000   0.124390   -15.642647    -18.397840  -0.010388        -1.936133        0.014489      -0.716941    54.127660             53.822643         95.442950               53                 True
           0.900000   0.124390   -15.642647    -18.397840  -0.010388        -1.936133        0.014489      -0.716941    54.127660             53.822643         95.442950               53                 True
           0.935000   0.135168     9.466147     17.029014   0.009607         1.790666        0.007558       1.271127    29.106383             28.982473         95.442950               28                 True
           0.950000   0.141609     7.528651     13.527281   0.007472         1.392644        0.007558       0.988586    25.531915             25.422426         95.442950               25                 True
           0.950000   0.141609     7.528651     13.527281   0.007472         1.392644        0.007558       0.988586    25.531915             25.422426         95.442950               25                 True
           0.975000   0.158172   -10.033585    -10.388544  -0.013579        -2.530821        0.020904      -0.649582    11.234043             11.186405         95.442950               11                 True
           0.980000   0.163351   -13.130801    -14.043510  -0.021564        -4.019101        0.029214      -0.738120     7.659574              7.621222         95.442950                7                 True
           0.985000   0.169368   -14.339346    -15.224101  -0.023331        -4.348561        0.029214      -0.798627     5.617021              5.579069         95.442950                5                 True
           0.987000   0.173142   -13.558058    -14.424635  -0.021865        -4.075181        0.029214      -0.748420     4.085106              4.059714         95.442950                4                 True
           0.990000   0.178833   -15.261527    -16.154690  -0.025075        -4.673487        0.029214      -0.858300     2.553191              2.539759         95.442950                2                 True
           1.000000   0.432307          NaN           NaN   0.000000         0.000000        0.000000            NaN     0.000000              0.000000          0.000000                0                False

Validation score-grid thresholds: (0.106485043466, 0.113128939271, 0.114060353041, 0.124390172958, 0.124390172958, 0.135168225169, 0.141609042883, 0.141609042883, 0.158172252774, 0.163351352811, 0.169367678761, 0.173142142653, 0.178832908869, 0.432306975126)

Selected threshold quantile: logistic=0.9500000000000002, validation_threshold=0.141609042883

Shadow consistency threshold sweep (validation-stage model/gates on test days):
 threshold_quantile  threshold  Sharpe1H365  Sortino1H365  ReturnPct  AnnualReturnPct  MaxDrawdownPct  ReturnOverMDD  DailyTrades  DailyTradingValuePct  MaxPositionValue  roundtrip_count  valid_for_selection
           0.800000   0.106485    24.547781     66.758922   0.026242         9.994683        0.012265       2.139487    92.869565             91.211401         92.688750               44                 True
           0.850000   0.113129    14.655099     29.992697   0.012570         4.787420        0.012548       1.001770    53.217391             52.278628         92.518950               25                 True
           0.855000   0.114060    16.346398     33.622271   0.013943         5.310295        0.012548       1.111182    53.217391             52.280061         92.518950               25                 True
           0.900000   0.124390    13.786610     23.303456   0.007082         2.697457        0.007497       0.944684    26.086957             25.578817         92.518950               12                 True
           0.900000   0.124390    13.786610     23.303456   0.007082         2.697457        0.007497       0.944684    26.086957             25.578817         92.518950               12                 True
           0.935000   0.135168    27.625528     87.176121   0.016670         6.349154        0.003929       4.243328    13.565217             13.293077         91.240050                6                 True
           0.950000   0.141609    35.067977    133.102355   0.024357         9.276671        0.002476       9.838906     5.217391              5.122900         91.217650                2                 True
           0.950000   0.141609    35.067977    133.102355   0.024357         9.276671        0.002476       9.838906     5.217391              5.122900         91.217650                2                 True
           0.975000   0.158172   -13.147005    -15.343676  -0.005677        -2.162206        0.010951      -0.518410     5.217391              5.079943         91.217650                2                 True
           0.980000   0.163351   -10.994970    -12.955257  -0.004672        -1.779241        0.010951      -0.426590     5.217391              5.078894         91.217650                2                 True
           0.985000   0.169368   -27.358937    -29.259378  -0.013606        -5.181992        0.017386      -0.782568     3.130435              3.032441         91.240050                1                 True
           0.987000   0.173142   -27.358937    -29.259378  -0.013606        -5.181992        0.017386      -0.782568     3.130435              3.032441         91.240050                1                 True
           0.990000   0.178833   -27.358937    -29.259378  -0.013606        -5.181992        0.017386      -0.782568     3.130435              3.032441         91.240050                1                 True
           1.000000   0.432307          NaN           NaN   0.000000         0.000000        0.000000            NaN     0.000000              0.000000          0.000000                0                False

Test balanced-inventory threshold sweep (Logistic, refit on pre-test window):
 threshold_quantile  threshold  Sharpe1H365  Sortino1H365  ReturnPct  AnnualReturnPct  MaxDrawdownPct  ReturnOverMDD  DailyTrades  DailyTradingValuePct  MaxPositionValue  roundtrip_count  valid_for_selection
           0.800000   0.104381    27.895395     65.375842   0.028798        10.968138        0.013476       2.136949   103.304348            101.390028         92.688750               49                 True
           0.850000   0.109800    16.004221     31.394117   0.015869         6.043940        0.013182       1.203786    76.173913             74.695153         92.026250               36                 True
           0.855000   0.110461    19.163868     37.578049   0.018557         7.067915        0.011621       1.596819    74.086957             72.625801         91.590150               35                 True
           0.900000   0.117740    29.888329     88.220817   0.023073         8.787661        0.008173       2.823184    44.869565             44.056576         92.518950               21                 True
           0.900000   0.117740    29.888329     88.220817   0.023073         8.787661        0.008173       2.823184    44.869565             44.056576         92.518950               21                 True
           0.935000   0.126790    17.219974     29.379222   0.010875         4.142054        0.006793       1.600895    24.000000             23.520546         92.396950               11                 True
           0.950000   0.132429    25.661739     60.755211   0.022373         8.521231        0.009177       2.437835    13.565217             13.318536         92.026250                6                 True
           0.950000   0.132429    25.661739     60.755211   0.022373         8.521231        0.009177       2.437835    13.565217             13.318536         92.026250                6                 True
           0.975000   0.146536    39.039469    206.924580   0.026664        10.155406        0.002476      10.770900     9.391304              9.205682         91.240050                4                 True
           0.980000   0.150778    33.749575    145.013736   0.020479         7.799946        0.002476       8.272681     5.217391              5.105137         91.217650                2                 True
           0.985000   0.156872    33.749575    145.013736   0.020479         7.799946        0.002476       8.272681     5.217391              5.105137         91.217650                2                 True
           0.987000   0.159614   -10.994970    -12.955257  -0.004672        -1.779241        0.010951      -0.426590     5.217391              5.078894         91.217650                2                 True
           0.990000   0.164893   -10.994970    -12.955257  -0.004672        -1.779241        0.010951      -0.426590     5.217391              5.078894         91.217650                2                 True
           1.000000   1.000000          NaN           NaN   0.000000         0.000000        0.000000            NaN     0.000000              0.000000          0.000000                0                False

Logistic coefficients (refit on pre-test window):
                                          term      coef  std_err     z_value  p_value
                                         const -2.358260 0.006804 -346.582076 0.000000
                                     stdev_100 -0.008476 0.028656   -0.295785 0.767394
                                     stdev_500 -0.026992 0.013112   -2.058575 0.039535
                      log1p(amplitude_80ms_w0) -0.030969 0.022120   -1.400070 0.161492
                              ret_vwap_80ms_w0  0.016440 0.014290    1.150481 0.249946
                      log1p(amplitude_80ms_w1) -0.002761 0.018533   -0.148989 0.881562
                              ret_vwap_80ms_w1  0.023087 0.014878    1.551793 0.120712
                      log1p(amplitude_80ms_w2)  0.015004 0.016869    0.889402 0.373787
                              ret_vwap_80ms_w2 -0.010830 0.012598   -0.859665 0.389974
                               amplitude_1s_w0 -0.041010 0.021133   -1.940552 0.052313
                                ret_vwap_1s_w0  0.063404 0.018440    3.438388 0.000585
                        log1p(amplitude_1s_w1) -0.059200 0.015791   -3.749072 0.000177
                                ret_vwap_1s_w1  0.042974 0.030153    1.425177 0.154106
                        log1p(amplitude_1s_w2) -0.040164 0.015611   -2.572788 0.010088
                                ret_vwap_1s_w2  0.021502 0.036178    0.594325 0.552294
                               amplitude_5s_w0  0.034076 0.018712    1.821024 0.068603
                                ret_vwap_5s_w0 -0.012994 0.019923   -0.652176 0.514288
                               amplitude_5s_w1 -0.034448 0.018344   -1.877944 0.060389
                                ret_vwap_5s_w1 -0.003084 0.032675   -0.094382 0.924806
                               amplitude_5s_w2 -0.000050 0.019083   -0.002645 0.997889
                                ret_vwap_5s_w2 -0.020875 0.043644   -0.478294 0.632441
                              amplitude_30s_w0 -0.008162 0.017428   -0.468306 0.639566
                               ret_vwap_30s_w0 -0.016744 0.020790   -0.805388 0.420596
                              amplitude_30s_w1 -0.051039 0.016244   -3.141996 0.001678
                               ret_vwap_30s_w1  0.013655 0.030293    0.450776 0.652151
                              amplitude_30s_w2  0.004302 0.015536    0.276934 0.781830
                               ret_vwap_30s_w2 -0.026451 0.040620   -0.651175 0.514933
                             amplitude_300s_w0  0.053180 0.017449    3.047746 0.002306
                              ret_vwap_300s_w0  0.007847 0.017402    0.450942 0.652031
                             amplitude_300s_w1  0.019050 0.016656    1.143767 0.252720
                              ret_vwap_300s_w1 -0.006987 0.028439   -0.245671 0.805937
                             amplitude_300s_w2  0.006038 0.015908    0.379542 0.704285
                              ret_vwap_300s_w2  0.016427 0.038496    0.426707 0.669593
                       log1p(max_size_80ms_w0)  0.039500 0.024756    1.595582 0.110582
                       log1p(avg_size_80ms_w0)  0.036366 0.011825    3.075470 0.002102
                     log1p(same_count_80ms_w0)  0.040375 0.010508    3.842222 0.000122
                             opp_count_80ms_w0  0.020935 0.033651    0.622113 0.533867
                     log1p(total_same_80ms_w0) -0.021900 0.012207   -1.794019 0.072810
                      log1p(total_opp_80ms_w0) -0.113834 0.027206   -4.184213 0.000029
                       log1p(max_size_80ms_w1) -0.002577 0.023840   -0.108077 0.913935
                       log1p(avg_size_80ms_w1) -0.013565 0.010698   -1.267974 0.204807
                     log1p(same_count_80ms_w1) -0.001547 0.011392   -0.135774 0.892000
                      log1p(opp_count_80ms_w1) -0.019340 0.025830   -0.748730 0.454020
                     log1p(total_same_80ms_w1)  0.013918 0.012029    1.157046 0.247253
                      log1p(total_opp_80ms_w1)  0.031775 0.024120    1.317348 0.187722
                       log1p(max_size_80ms_w2) -0.037291 0.024131   -1.545385 0.122253
                       log1p(avg_size_80ms_w2)  0.012348 0.010457    1.180853 0.237661
                     log1p(same_count_80ms_w2) -0.009505 0.012685   -0.749317 0.453666
                      log1p(opp_count_80ms_w2) -0.062435 0.024325   -2.566682 0.010268
                     log1p(total_same_80ms_w2)  0.008832 0.013378    0.660188 0.509133
                      log1p(total_opp_80ms_w2)  0.056503 0.023183    2.437285 0.014798
                                max_size_1s_w0 -0.010008 0.010209   -0.980361 0.326908
                                avg_size_1s_w0 -0.028596 0.010198   -2.804082 0.005046
                       log1p(same_count_1s_w0) -0.046680 0.016886   -2.764497 0.005701
                               opp_count_1s_w0  0.094394 0.027628    3.416656 0.000634
                       log1p(total_same_1s_w0)  0.024190 0.015591    1.551569 0.120765
                        log1p(total_opp_1s_w0) -0.017834 0.016032   -1.112408 0.265963
                         log1p(max_size_1s_w1) -0.030492 0.018155   -1.679515 0.093052
                                avg_size_1s_w1  0.004022 0.008324    0.483240 0.628926
                       log1p(same_count_1s_w1)  0.013875 0.018352    0.756046 0.449621
                        log1p(opp_count_1s_w1) -0.023357 0.018854   -1.238790 0.215423
                       log1p(total_same_1s_w1)  0.053248 0.017412    3.058184 0.002227
                        log1p(total_opp_1s_w1)  0.058384 0.018302    3.189956 0.001423
                         log1p(max_size_1s_w2) -0.000354 0.018340   -0.019277 0.984620
                                avg_size_1s_w2 -0.005259 0.008673   -0.606409 0.544243
                       log1p(same_count_1s_w2)  0.023884 0.018714    1.276270 0.201860
                        log1p(opp_count_1s_w2) -0.031703 0.018164   -1.745407 0.080914
                       log1p(total_same_1s_w2)  0.032625 0.017917    1.820908 0.068621
                        log1p(total_opp_1s_w2)  0.008263 0.018028    0.458360 0.646694
                                max_size_5s_w0  0.009006 0.011257    0.800083 0.423663
                                avg_size_5s_w0  0.031891 0.011476    2.779017 0.005452
                       log1p(same_count_5s_w0)  0.025219 0.025650    0.983186 0.325516
                               opp_count_5s_w0  0.008094 0.057336    0.141174 0.887732
                       log1p(total_same_5s_w0) -0.034457 0.023925   -1.440224 0.149804
                               total_opp_5s_w0 -0.027526 0.017365   -1.585193 0.112923
                                max_size_5s_w1  0.008334 0.009032    0.922744 0.356141
                                avg_size_5s_w1  0.017509 0.009536    1.836050 0.066350
                       log1p(same_count_5s_w1)  0.032446 0.019879    1.632185 0.102641
                               opp_count_5s_w1 -0.013687 0.046998   -0.291218 0.770885
                       log1p(total_same_5s_w1) -0.004179 0.019524   -0.214072 0.830491
                        log1p(total_opp_5s_w1) -0.013830 0.013741   -1.006450 0.314199
                                max_size_5s_w2  0.000009 0.010661    0.000867 0.999308
                                avg_size_5s_w2 -0.013723 0.010039   -1.367056 0.171608
                       log1p(same_count_5s_w2)  0.039821 0.019515    2.040593 0.041291
                               opp_count_5s_w2  0.021329 0.048618    0.438699 0.660880
                       log1p(total_same_5s_w2)  0.017358 0.019708    0.880793 0.378430
                        log1p(total_opp_5s_w2)  0.016833 0.013803    1.219486 0.222660
                               max_size_30s_w0 -0.007706 0.013626   -0.565499 0.571734
                               avg_size_30s_w0  0.015525 0.014108    1.100429 0.271145
                             same_count_30s_w0  0.046623 0.490531    0.095046 0.924278
                              opp_count_30s_w0  0.016709 0.478006    0.034956 0.972115
                      log1p(total_same_30s_w0) -0.073748 0.021086   -3.497492 0.000470
                              total_opp_30s_w0 -0.036897 0.023764   -1.552634 0.120511
                               max_size_30s_w1 -0.015433 0.009499   -1.624737 0.104219
                               avg_size_30s_w1  0.023168 0.010806    2.143966 0.032036
                             same_count_30s_w1 -0.095303 0.283850   -0.335751 0.737059
                              opp_count_30s_w1  0.119402 0.280378    0.425860 0.670210
                      log1p(total_same_30s_w1) -0.028342 0.016060   -1.764753 0.077605
                              total_opp_30s_w1 -0.023675 0.020939   -1.130642 0.258206
                               max_size_30s_w2 -0.008696 0.009273   -0.937823 0.348335
                               avg_size_30s_w2  0.013706 0.010641    1.287973 0.197755
                             same_count_30s_w2 -0.048523 0.252613   -0.192083 0.847677
                              opp_count_30s_w2  0.080939 0.254836    0.317613 0.750779
                      log1p(total_same_30s_w2) -0.033895 0.015505   -2.186042 0.028813
                              total_opp_30s_w2 -0.025916 0.021125   -1.226802 0.219897
                              max_size_300s_w0  0.014672 0.010148    1.445734 0.148252
                              avg_size_300s_w0 -0.020271 0.014076   -1.440132 0.149830
                            same_count_300s_w0 -0.227575 1.591746   -0.142972 0.886312
                             opp_count_300s_w0  0.107412 1.590510    0.067533 0.946158
                            total_same_300s_w0  0.022232 0.028746    0.773391 0.439291
                             total_opp_300s_w0  0.077046 0.035951    2.143080 0.032107
                              max_size_300s_w1 -0.001656 0.008458   -0.195762 0.844797
                              avg_size_300s_w1  0.021497 0.010960    1.961455 0.049826
                            same_count_300s_w1 -0.137116 1.236626   -0.110879 0.911712
                             opp_count_300s_w1  0.115709 1.230579    0.094028 0.925087
                            total_same_300s_w1  0.012639 0.029392    0.430011 0.667187
                             total_opp_300s_w1 -0.006953 0.029824   -0.233126 0.815664
                              max_size_300s_w2  0.007733 0.008506    0.909069 0.363313
                              avg_size_300s_w2  0.012684 0.010772    1.177582 0.238963
                            same_count_300s_w2  0.118388 1.113714    0.106300 0.915344
                             opp_count_300s_w2 -0.067829 1.115336   -0.060815 0.951506
                            total_same_300s_w2 -0.067899 0.027867   -2.436531 0.014829
                             total_opp_300s_w2  0.002095 0.028567    0.073336 0.941539
                           ret_autocov_80ms_w0 -0.026193 0.011432   -2.291282 0.021947
                               ret_sum_80ms_w0  0.012255 0.021281    0.575848 0.564718
                log1p(trade_intensity_80ms_w0) -0.020735 0.009847   -2.105669 0.035233
                           ret_autocov_80ms_w1 -0.047068 0.024236   -1.942064 0.052129
                               ret_sum_80ms_w1 -0.003363 0.013654   -0.246274 0.805470
                log1p(trade_intensity_80ms_w1) -0.000870 0.018683   -0.046586 0.962843
                           ret_autocov_80ms_w2  0.009419 0.008887    1.059858 0.289209
                               ret_sum_80ms_w2 -0.016784 0.011742   -1.429324 0.152911
                log1p(trade_intensity_80ms_w2)  0.030831 0.019041    1.619163 0.105412
                             ret_autocov_1s_w0  0.011717 0.010763    1.088616 0.276323
                                 ret_sum_1s_w0  0.147635 0.041610    3.548087 0.000388
                         trade_intensity_1s_w0  0.000925 0.006327    0.146191 0.883771
                             ret_autocov_1s_w1  0.008548 0.008589    0.995263 0.319608
                                 ret_sum_1s_w1  0.003911 0.026032    0.150234 0.880580
                  log1p(trade_intensity_1s_w1)  0.009307 0.016881    0.551297 0.581430
                             ret_autocov_1s_w2  0.000966 0.008177    0.118170 0.905933
                                 ret_sum_1s_w2 -0.014085 0.014243   -0.988880 0.322722
                  log1p(trade_intensity_1s_w2)  0.010115 0.016742    0.604139 0.545752
                             ret_autocov_5s_w0 -0.014392 0.014774   -0.974145 0.329984
                                 ret_sum_5s_w0 -0.040593 0.050382   -0.805702 0.420415
                         trade_intensity_5s_w0 -0.007209 0.049269   -0.146316 0.883672
                             ret_autocov_5s_w1 -0.013033 0.007367   -1.769191 0.076862
                                 ret_sum_5s_w1 -0.037527 0.038834   -0.966346 0.333871
                         trade_intensity_5s_w1  0.013100 0.047810    0.273998 0.784086
                             ret_autocov_5s_w2 -0.003371 0.008350   -0.403725 0.686415
                                 ret_sum_5s_w2 -0.026767 0.029386   -0.910869 0.362364
                         trade_intensity_5s_w2 -0.083187 0.050967   -1.632187 0.102640
                            ret_autocov_30s_w0 -0.006834 0.012318   -0.554806 0.579028
                                ret_sum_30s_w0 -0.048171 0.048155   -1.000319 0.317156
                        trade_intensity_30s_w0  0.022343 0.907910    0.024610 0.980366
                            ret_autocov_30s_w1  0.010044 0.010559    0.951254 0.341476
                                ret_sum_30s_w1  0.025626 0.036601    0.700137 0.483842
                        trade_intensity_30s_w1  0.065832 0.527316    0.124843 0.900648
                            ret_autocov_30s_w2 -0.010513 0.007752   -1.356131 0.175057
                                ret_sum_30s_w2  0.033922 0.028779    1.178725 0.238508
                        trade_intensity_30s_w2 -0.019531 0.474104   -0.041196 0.967140
                           ret_autocov_300s_w0  0.007027 0.011183    0.628326 0.529790
                               ret_sum_300s_w0  0.037738 0.043335    0.870846 0.383838
                       trade_intensity_300s_w0 -0.030376 3.142173   -0.009667 0.992287
                           ret_autocov_300s_w1 -0.024501 0.009897   -2.475606 0.013301
                               ret_sum_300s_w1  0.003521 0.030508    0.115420 0.908112
                       trade_intensity_300s_w1 -0.010585 2.438180   -0.004341 0.996536
                           ret_autocov_300s_w2 -0.003037 0.008482   -0.357986 0.720354
                               ret_sum_300s_w2 -0.031300 0.018943   -1.652303 0.098473
                       trade_intensity_300s_w2  0.018000 2.203482    0.008169 0.993482
                                  top_near_liq  0.031015 0.012203    2.541640 0.011033
                                   top_opp_liq -0.063826 0.011743   -5.435226 0.000000
                                  ob_near_half -0.120922 0.012826   -9.428213 0.000000
                                     totb_mean -0.002112 0.007268   -0.290509 0.771427
                                    log1p(age)  0.093316 0.008202   11.377017 0.000000
                                    is_weekend -0.031598 0.008056   -3.922234 0.000088
  opp_count_80ms_w0 * log1p(total_opp_80ms_w0)  0.022948 0.020573    1.115419 0.264671
       top_near_liq * log1p(total_opp_80ms_w0)  0.065315 0.012431    5.254224 0.000000
                ob_near_half * opp_count_1s_w0  0.019967 0.012450    1.603726 0.108774
            ret_vwap_80ms_w1 * opp_count_1s_w0 -0.001659 0.008684   -0.191029 0.848503
    log1p(amplitude_80ms_w0) * amplitude_1s_w0 -0.009344 0.018188   -0.513728 0.607442
log1p(amplitude_80ms_w0) * ret_autocov_300s_w1  0.007704 0.009395    0.820046 0.412190

Shadow consistency backtest (validation-stage selected threshold on test days):
 threshold_quantile  threshold  Sharpe1H365  Sortino1H365  ReturnPct  AnnualReturnPct  MaxDrawdownPct  ReturnOverMDD  DailyTrades  DailyTradingValuePct  MaxPositionValue  roundtrip_count  valid_for_selection
           0.950000   0.141609    35.067977    133.102355   0.024357         9.276671        0.002476       9.838906     5.217391              5.122900         91.217650                2                 True

Applied refit-period threshold for test: logistic=0.132429291308

Test balanced-inventory backtest (Logistic, selected threshold, refit on pre-test window):
 threshold_quantile  threshold  Sharpe1H365  Sortino1H365  ReturnPct  AnnualReturnPct  MaxDrawdownPct  ReturnOverMDD  DailyTrades  DailyTradingValuePct  MaxPositionValue  roundtrip_count  valid_for_selection
           0.950000   0.132429    25.661739     60.755211   0.022373         8.521231        0.009177       2.437835    13.565217             13.318536         92.026250                6                 True
