Fill surface OLS:
  R^2 = 0.891401
       term      coef  std_err  p_value
      const  0.529742 0.001399 0.000000
q_near_norm  0.018444 0.003745 0.000001
 q_opp_norm  0.011745 0.003749 0.001732
  imbalance -0.383996 0.002993 0.000000

Fill-probability gates:
                   name  threshold  selected_quantile  total_count  kept_count  kept_share  min_count_floor  kept_fill_count  min_fill_floor  floor_met
     dataset_gate_train   0.808655           0.800000      1411370      284353    0.201473              250    237932.000000       25.000000       True
trading_gate_validation   0.863326           0.980000     30240000      604804    0.020000              250              NaN             NaN       True
     dataset_gate_refit   0.800707           0.800000      1515346      310385    0.204828              250    258480.000000       25.000000       True
      trading_gate_test   0.861034           0.980000     30240000      604800    0.020000              250              NaN             NaN       True

Logistic train / validation / test metrics:
     split  n_orders  pos_rate  roc_auc  avg_precision  log_loss    brier  accuracy@0.5
     train    284352  0.088777 0.580599       0.116490  0.296394 0.080344      0.911230
validation     64688  0.075501 0.569349       0.094008  0.266043 0.069611      0.924453
      test     22136  0.076482 0.579243       0.102302  0.267270 0.070212      0.923518

Validation balanced-inventory backtest (Logistic):
 threshold_quantile  threshold  Sharpe1H365  Sortino1H365  ReturnPct  AnnualReturnPct  MaxDrawdownPct  ReturnOverMDD  DailyTrades  DailyTradingValuePct  MaxPositionValue  roundtrip_count  valid_for_selection
           0.800000   0.093686    -9.567113    -12.749082  -0.024215        -4.513306        0.049909      -0.485192   232.340426            226.469419         92.676050              227                 True
           0.850000   0.098816    -5.980805     -7.421436  -0.012937        -2.411326        0.039977      -0.323626   167.489362            163.278484         92.688750              164                 True
           0.855000   0.099393    -6.722597     -8.313163  -0.014535        -2.709146        0.039977      -0.363596   164.936170            160.786426         92.688750              161                 True
           0.900000   0.105909    -7.409845     -8.807041  -0.021228        -3.956559        0.044981      -0.471939   101.617021             98.957759         92.518950               99                 True
           0.900000   0.105909    -7.409845     -8.807041  -0.021228        -3.956559        0.044981      -0.471939   101.617021             98.957759         92.518950               99                 True
           0.935000   0.113480   -10.454179    -11.815142  -0.029063        -5.416763        0.051440      -0.564984    61.787234             60.112616         92.518950               60                 True
           0.950000   0.117798    -7.607583     -8.725236  -0.021618        -4.029192        0.046755      -0.462365    45.446809             44.237251         92.518950               44                 True
           0.950000   0.117798    -7.607583     -8.725236  -0.021618        -4.029192        0.046755      -0.462365    45.446809             44.237251         92.518950               44                 True
           0.975000   0.130226     7.910345     11.508563   0.015223         2.837262        0.016780       0.907221    22.978723             22.299916         92.518950               22                 True
           0.980000   0.134241    15.272151     28.929294   0.036853         6.868748        0.011244       3.277615    17.872340             17.363389         92.518950               17                 True
           0.985000   0.139409    15.092431     28.687438   0.036267         6.759465        0.011244       3.225468    14.808511             14.364574         91.590150               14                 True
           0.987000   0.142423     8.978393     12.598395   0.029268         5.455005        0.028890       1.013079    13.787234             13.383655         91.590150               13                 True
           0.990000   0.147288    10.737869     15.248896   0.035295         6.578380        0.028890       1.221707    10.723404             10.420700         91.590150               10                 True
           1.000000   0.978892          NaN           NaN   0.000000         0.000000        0.000000            NaN     0.000000              0.000000          0.000000                0                False

Validation score-grid thresholds: (0.093686306477, 0.098815964535, 0.099392649718, 0.105909137428, 0.105909137428, 0.113479999974, 0.11779849045, 0.11779849045, 0.130226297677, 0.134240659475, 0.139409173876, 0.142422969133, 0.147288359404, 0.978891968727)

Selected threshold quantile: logistic=0.98, validation_threshold=0.134240659475

Shadow consistency threshold sweep (validation-stage model/gates on test days):
 threshold_quantile  threshold  Sharpe1H365  Sortino1H365  ReturnPct  AnnualReturnPct  MaxDrawdownPct  ReturnOverMDD  DailyTrades  DailyTradingValuePct  MaxPositionValue  roundtrip_count  valid_for_selection
           0.800000   0.093686    34.557967     73.140013   0.021660         8.249528        0.004660       4.648500   174.260870            175.102562         90.046650               83                 True
           0.850000   0.098816     2.449324      3.238248   0.001679         0.639625        0.012376       0.135700   113.739130            114.261704         90.071050               54                 True
           0.855000   0.099393     1.879879      2.461312   0.001263         0.480874        0.012426       0.101610   107.478261            107.967158         90.122950               51                 True
           0.900000   0.105909     3.611582      4.875015   0.002146         0.817246        0.010393       0.206464    65.739130             66.027632         90.071050               31                 True
           0.900000   0.105909     3.611582      4.875015   0.002146         0.817246        0.010393       0.206464    65.739130             66.027632         90.071050               31                 True
           0.935000   0.113480    17.679402     29.064512   0.009408         3.583153        0.005883       1.599207    34.434783             34.555663         90.122950               16                 True
           0.950000   0.117798    17.097019     29.413759   0.008795         3.349614        0.005760       1.526876    28.173913             28.272073         90.071050               13                 True
           0.950000   0.117798    17.097019     29.413759   0.008795         3.349614        0.005760       1.526876    28.173913             28.272073         90.071050               13                 True
           0.975000   0.130226    23.013491     45.268198   0.011621         4.426136        0.004671       2.487734    11.478261             11.509740         90.122950                5                 True
           0.980000   0.134241    20.417928     39.790996   0.010250         3.903970        0.004671       2.194248     9.391304              9.413404         90.122950                4                 True
           0.985000   0.139409    26.047629     65.225370   0.011670         4.444887        0.003255       3.585741     6.260870              6.293491         89.985750                3                 True
           0.987000   0.142423    26.047629     65.225370   0.011670         4.444887        0.003255       3.585741     6.260870              6.293491         89.985750                3                 True
           0.990000   0.147288    23.320257     53.743436   0.010499         3.998870        0.003255       3.225933     6.260870              6.292269         90.046650                3                 True
           1.000000   0.978892          NaN           NaN   0.000000         0.000000        0.000000            NaN     0.000000              0.000000          0.000000                0                False

Test balanced-inventory threshold sweep (Logistic, refit on pre-test window):
 threshold_quantile  threshold  Sharpe1H365  Sortino1H365  ReturnPct  AnnualReturnPct  MaxDrawdownPct  ReturnOverMDD  DailyTrades  DailyTradingValuePct  MaxPositionValue  roundtrip_count  valid_for_selection
           0.800000   0.102059    -1.715156     -2.341083  -0.001237        -0.471138        0.014993      -0.082504    82.434783             82.831095         90.071050               39                 True
           0.850000   0.107556    13.558233     19.814686   0.010146         3.864316        0.009618       1.054850    63.652174             63.943126         90.071050               30                 True
           0.855000   0.108237    30.324017     56.358561   0.018110         6.897537        0.005299       3.417804    63.652174             63.935242         90.071050               30                 True
           0.900000   0.115675    26.119765     43.433525   0.013098         4.988589        0.004940       2.651348    36.521739             36.687688         90.071050               17                 True
           0.900000   0.115675    26.119765     43.433525   0.013098         4.988589        0.004940       2.651348    36.521739             36.687688         90.071050               17                 True
           0.935000   0.124680    35.644011     74.034563   0.014204         5.409965        0.002998       4.738039    19.826087             19.926435         90.071050                9                 True
           0.950000   0.130213    36.088795     87.313839   0.012517         4.767161        0.002034       6.152946    11.478261             11.523201         90.071050                5                 True
           0.950000   0.130213    36.088795     87.313839   0.012517         4.767161        0.002034       6.152946    11.478261             11.523201         90.071050                5                 True
           0.975000   0.144247    23.394161     39.073837   0.012687         4.832155        0.005760       2.202673     7.304348              7.335306         90.122950                3                 True
           0.980000   0.148488    23.394161     39.073837   0.012687         4.832155        0.005760       2.202673     7.304348              7.335306         90.122950                3                 True
           0.985000   0.154249    22.556333     37.207948   0.012429         4.733750        0.005760       2.157816     7.304348              7.335036         90.122950                3                 True
           0.987000   0.157046    22.556333     37.207948   0.012429         4.733750        0.005760       2.157816     7.304348              7.335036         90.122950                3                 True
           0.990000   0.162169    19.097385     35.617925   0.009767         3.719990        0.005760       1.695708     5.217391              5.237594         90.122950                2                 True
           1.000000   0.713440          NaN           NaN   0.000000         0.000000        0.000000            NaN     0.000000              0.000000          0.000000                0                False

Logistic coefficients (refit on pre-test window):
                                          term      coef  std_err     z_value  p_value
                                         const -2.383975 0.006560 -363.391514 0.000000
                                     stdev_100 -0.056653 0.029545   -1.917526 0.055171
                                     stdev_500 -0.017355 0.012711   -1.365350 0.172143
                      log1p(amplitude_80ms_w0) -0.051433 0.020691   -2.485709 0.012929
                              ret_vwap_80ms_w0  0.028345 0.014182    1.998759 0.045634
                      log1p(amplitude_80ms_w1)  0.014540 0.018009    0.807346 0.419467
                              ret_vwap_80ms_w1  0.038492 0.013965    2.756320 0.005846
                      log1p(amplitude_80ms_w2)  0.030138 0.016238    1.856024 0.063450
                              ret_vwap_80ms_w2 -0.000734 0.012316   -0.059627 0.952453
                               amplitude_1s_w0 -0.033412 0.020531   -1.627382 0.103656
                                ret_vwap_1s_w0  0.024693 0.017155    1.439401 0.150037
                        log1p(amplitude_1s_w1) -0.031811 0.015582   -2.041497 0.041201
                                ret_vwap_1s_w1  0.043984 0.029086    1.512200 0.130483
                        log1p(amplitude_1s_w2) -0.029975 0.015414   -1.944621 0.051821
                                ret_vwap_1s_w2  0.029582 0.035264    0.838876 0.401539
                               amplitude_5s_w0  0.026910 0.018003    1.494723 0.134987
                                ret_vwap_5s_w0 -0.017811 0.019369   -0.919588 0.357788
                               amplitude_5s_w1 -0.035310 0.017798   -1.983855 0.047272
                                ret_vwap_5s_w1 -0.026333 0.031541   -0.834887 0.403781
                               amplitude_5s_w2 -0.004269 0.018537   -0.230289 0.817868
                                ret_vwap_5s_w2  0.047596 0.041963    1.134248 0.256690
                              amplitude_30s_w0 -0.012830 0.017458   -0.734953 0.462368
                               ret_vwap_30s_w0 -0.019596 0.020505   -0.955626 0.339261
                              amplitude_30s_w1 -0.042882 0.015749   -2.722931 0.006471
                               ret_vwap_30s_w1  0.038129 0.029519    1.291655 0.196476
                              amplitude_30s_w2  0.014400 0.015042    0.957358 0.338387
                               ret_vwap_30s_w2 -0.086907 0.039446   -2.203211 0.027580
                             amplitude_300s_w0  0.037398 0.017601    2.124768 0.033606
                              ret_vwap_300s_w0  0.024219 0.016735    1.447216 0.147837
                             amplitude_300s_w1  0.026595 0.016620    1.600205 0.109553
                              ret_vwap_300s_w1 -0.013889 0.027905   -0.497712 0.618687
                             amplitude_300s_w2 -0.005330 0.015826   -0.336804 0.736265
                              ret_vwap_300s_w2  0.026729 0.037519    0.712400 0.476217
                       log1p(max_size_80ms_w0)  0.060065 0.023779    2.525998 0.011537
                       log1p(avg_size_80ms_w0)  0.039651 0.011169    3.550064 0.000385
                     log1p(same_count_80ms_w0)  0.032731 0.010186    3.213437 0.001312
                             opp_count_80ms_w0  0.059993 0.032758    1.831375 0.067045
                     log1p(total_same_80ms_w0) -0.025753 0.011764   -2.189136 0.028587
                      log1p(total_opp_80ms_w0) -0.130462 0.025699   -5.076609 0.000000
                       log1p(max_size_80ms_w1) -0.006203 0.022928   -0.270531 0.786752
                       log1p(avg_size_80ms_w1) -0.013861 0.010115   -1.370370 0.170571
                     log1p(same_count_80ms_w1) -0.016438 0.011018   -1.491946 0.135713
                      log1p(opp_count_80ms_w1) -0.038618 0.024884   -1.551929 0.120679
                     log1p(total_same_80ms_w1)  0.018684 0.011680    1.599692 0.109667
                      log1p(total_opp_80ms_w1)  0.024884 0.023335    1.066348 0.286267
                       log1p(max_size_80ms_w2) -0.060182 0.023067   -2.608990 0.009081
                       log1p(avg_size_80ms_w2)  0.016986 0.009925    1.711453 0.086997
                     log1p(same_count_80ms_w2) -0.000254 0.012250   -0.020731 0.983460
                      log1p(opp_count_80ms_w2) -0.092334 0.023237   -3.973502 0.000071
                     log1p(total_same_80ms_w2)  0.013443 0.012538    1.072256 0.283605
                      log1p(total_opp_80ms_w2)  0.067329 0.022152    3.039468 0.002370
                                max_size_1s_w0 -0.004006 0.009562   -0.419000 0.675216
                                avg_size_1s_w0 -0.034924 0.009874   -3.536946 0.000405
                       log1p(same_count_1s_w0) -0.050941 0.016309   -3.123471 0.001787
                               opp_count_1s_w0  0.029618 0.026546    1.115693 0.264553
                       log1p(total_same_1s_w0)  0.029269 0.014960    1.956472 0.050410
                        log1p(total_opp_1s_w0)  0.016554 0.015309    1.081325 0.279553
                         log1p(max_size_1s_w1) -0.011614 0.017435   -0.666156 0.505312
                                avg_size_1s_w1  0.003013 0.008025    0.375424 0.707345
                       log1p(same_count_1s_w1) -0.005016 0.017823   -0.281451 0.778364
                        log1p(opp_count_1s_w1) -0.030458 0.018238   -1.669994 0.094921
                       log1p(total_same_1s_w1)  0.021032 0.016906    1.244014 0.213494
                        log1p(total_opp_1s_w1)  0.043906 0.017745    2.474292 0.013350
                         log1p(max_size_1s_w2)  0.001810 0.017540    0.103191 0.917811
                                avg_size_1s_w2  0.003540 0.007791    0.454345 0.649581
                       log1p(same_count_1s_w2)  0.042044 0.018231    2.306188 0.021100
                        log1p(opp_count_1s_w2) -0.016857 0.017590   -0.958324 0.337899
                       log1p(total_same_1s_w2)  0.010678 0.017373    0.614634 0.538797
                        log1p(total_opp_1s_w2)  0.006943 0.017428    0.398376 0.690353
                                max_size_5s_w0 -0.003866 0.011236   -0.344014 0.730836
                                avg_size_5s_w0  0.039611 0.010802    3.667094 0.000245
                       log1p(same_count_5s_w0)  0.012463 0.024420    0.510370 0.609792
                               opp_count_5s_w0 -0.013331 0.055868   -0.238618 0.811402
                       log1p(total_same_5s_w0) -0.045818 0.022426   -2.043043 0.041048
                               total_opp_5s_w0 -0.025075 0.017330   -1.446902 0.147924
                                max_size_5s_w1  0.002470 0.008566    0.288353 0.773077
                                avg_size_5s_w1  0.017659 0.009046    1.951994 0.050939
                       log1p(same_count_5s_w1)  0.040169 0.019034    2.110396 0.034824
                               opp_count_5s_w1 -0.065232 0.046535   -1.401795 0.160977
                       log1p(total_same_5s_w1) -0.027349 0.018294   -1.494996 0.134916
                        log1p(total_opp_5s_w1) -0.024680 0.013138   -1.878469 0.060317
                                max_size_5s_w2 -0.003719 0.009587   -0.387916 0.698078
                                avg_size_5s_w2 -0.011387 0.009468   -1.202752 0.229072
                       log1p(same_count_5s_w2)  0.013042 0.018418    0.708101 0.478883
                               opp_count_5s_w2  0.014087 0.048848    0.288380 0.773056
                       log1p(total_same_5s_w2)  0.018911 0.018354    1.030348 0.302847
                        log1p(total_opp_5s_w2)  0.015830 0.013192    1.199923 0.230169
                               max_size_30s_w0  0.005473 0.012736    0.429727 0.667394
                               avg_size_30s_w0 -0.011448 0.012464   -0.918465 0.358375
                             same_count_30s_w0 -0.101152 0.558600   -0.181080 0.856305
                              opp_count_30s_w0  0.120360 0.553188    0.217574 0.827761
                             total_same_30s_w0  0.017958 0.022519    0.797469 0.425179
                              total_opp_30s_w0 -0.015087 0.022863   -0.659910 0.509312
                               max_size_30s_w1 -0.017859 0.009338   -1.912615 0.055797
                               avg_size_30s_w1  0.005034 0.009456    0.532399 0.594450
                             same_count_30s_w1 -0.093166 0.382624   -0.243493 0.807624
                              opp_count_30s_w1  0.132075 0.379266    0.348239 0.727661
                             total_same_30s_w1  0.016396 0.022195    0.738743 0.460063
                              total_opp_30s_w1  0.009641 0.019367    0.497797 0.618627
                               max_size_30s_w2 -0.010214 0.009142   -1.117316 0.263859
                               avg_size_30s_w2 -0.001183 0.009279   -0.127531 0.898520
                             same_count_30s_w2  0.071015 0.293684    0.241809 0.808928
                              opp_count_30s_w2 -0.049769 0.295582   -0.168375 0.866288
                             total_same_30s_w2 -0.007376 0.020876   -0.353341 0.723833
                              total_opp_30s_w2  0.022322 0.019375    1.152064 0.249295
                              max_size_300s_w0  0.015774 0.009659    1.632989 0.102471
                              avg_size_300s_w0 -0.020572 0.013060   -1.575172 0.115217
                            same_count_300s_w0 -0.258054 2.748235   -0.093898 0.925190
                             opp_count_300s_w0  0.174567 2.749610    0.063488 0.949378
                            total_same_300s_w0  0.041531 0.034244    1.212775 0.225216
                             total_opp_300s_w0  0.057619 0.034382    1.675859 0.093766
                              max_size_300s_w1  0.000582 0.008142    0.071497 0.943002
                              avg_size_300s_w1  0.022682 0.010115    2.242411 0.024935
                            same_count_300s_w1 -0.141660 1.738131   -0.081501 0.935043
                             opp_count_300s_w1  0.128280 1.727150    0.074272 0.940794
                            total_same_300s_w1  0.001309 0.028923    0.045272 0.963891
                             total_opp_300s_w1 -0.001244 0.028851   -0.043108 0.965615
                              max_size_300s_w2  0.005272 0.008119    0.649306 0.516141
                              avg_size_300s_w2  0.002348 0.009825    0.238982 0.811120
                            same_count_300s_w2  0.099890 1.676844    0.059571 0.952498
                             opp_count_300s_w2 -0.092072 1.684871   -0.054647 0.956420
                            total_same_300s_w2 -0.023601 0.026402   -0.893890 0.371381
                             total_opp_300s_w2  0.044435 0.027533    1.613903 0.106549
                           ret_autocov_80ms_w0  0.000986 0.006530    0.151052 0.879935
                               ret_sum_80ms_w0  0.045735 0.021959    2.082760 0.037273
                log1p(trade_intensity_80ms_w0) -0.019842 0.009379   -2.115497 0.034388
                           ret_autocov_80ms_w1 -0.002001 0.005089   -0.393281 0.694112
                               ret_sum_80ms_w1 -0.003512 0.013388   -0.262322 0.793073
                log1p(trade_intensity_80ms_w1)  0.006653 0.017977    0.370064 0.711335
                           ret_autocov_80ms_w2  0.008573 0.006938    1.235700 0.216570
                               ret_sum_80ms_w2 -0.021682 0.010762   -2.014740 0.043932
                log1p(trade_intensity_80ms_w2)  0.048176 0.018192    2.648209 0.008092
                             ret_autocov_1s_w0 -0.003186 0.007327   -0.434912 0.663626
                                 ret_sum_1s_w0  0.098283 0.038964    2.522374 0.011657
                         trade_intensity_1s_w0  0.009893 0.004452    2.222112 0.026276
                             ret_autocov_1s_w1  0.008590 0.008544    1.005362 0.314723
                                 ret_sum_1s_w1  0.028578 0.025432    1.123706 0.261138
                  log1p(trade_intensity_1s_w1)  0.018408 0.016474    1.117435 0.263808
                             ret_autocov_1s_w2  0.002283 0.008923    0.255866 0.798054
                                 ret_sum_1s_w2 -0.013472 0.013906   -0.968818 0.332636
                  log1p(trade_intensity_1s_w2) -0.004844 0.016488   -0.293775 0.768929
                             ret_autocov_5s_w0 -0.013902 0.012576   -1.105400 0.268986
                                 ret_sum_5s_w0 -0.019773 0.048230   -0.409964 0.681832
                         trade_intensity_5s_w0  0.041560 0.048714    0.853145 0.393579
                             ret_autocov_5s_w1 -0.006728 0.008423   -0.798744 0.424439
                                 ret_sum_5s_w1 -0.033675 0.037689   -0.893515 0.371581
                         trade_intensity_5s_w1  0.077494 0.046516    1.665957 0.095722
                             ret_autocov_5s_w2  0.021149 0.011635    1.817740 0.069104
                                 ret_sum_5s_w2 -0.002772 0.028710   -0.096561 0.923075
                         trade_intensity_5s_w2 -0.045983 0.049964   -0.920307 0.357412
                            ret_autocov_30s_w0 -0.005807 0.013612   -0.426641 0.669641
                                ret_sum_30s_w0  0.002396 0.047642    0.050301 0.959882
                        trade_intensity_30s_w0 -0.005539 1.045426   -0.005298 0.995773
                            ret_autocov_30s_w1  0.012960 0.011003    1.177858 0.238853
                                ret_sum_30s_w1  0.013405 0.036044    0.371919 0.709953
                        trade_intensity_30s_w1 -0.008983 0.716180   -0.012543 0.989993
                            ret_autocov_30s_w2 -0.004269 0.008159   -0.523201 0.600835
                                ret_sum_30s_w2 -0.038265 0.028786   -1.329308 0.183746
                        trade_intensity_30s_w2 -0.060958 0.551669   -0.110498 0.912015
                           ret_autocov_300s_w0  0.001813 0.011506    0.157586 0.874783
                               ret_sum_300s_w0  0.040041 0.042826    0.934978 0.349800
                       trade_intensity_300s_w0 -0.036006 5.439013   -0.006620 0.994718
                           ret_autocov_300s_w1 -0.009772 0.009868   -0.990316 0.322020
                               ret_sum_300s_w1  0.007847 0.030185    0.259966 0.794890
                       trade_intensity_300s_w1 -0.012476 3.429482   -0.003638 0.997097
                           ret_autocov_300s_w2 -0.004724 0.007966   -0.592994 0.553185
                               ret_sum_300s_w2 -0.013603 0.019010   -0.715604 0.474236
                       trade_intensity_300s_w2  0.004471 3.328405    0.001343 0.998928
                                  top_near_liq  0.039245 0.010983    3.573178 0.000353
                                   top_opp_liq -0.068366 0.011589   -5.899023 0.000000
                                  ob_near_half -0.117139 0.011690  -10.020159 0.000000
                                     totb_mean  0.002514 0.006264    0.401297 0.688202
                                    log1p(age)  0.095118 0.007751   12.271255 0.000000
                                    is_weekend -0.026607 0.007588   -3.506391 0.000454
  opp_count_80ms_w0 * log1p(total_opp_80ms_w0)  0.015935 0.019804    0.804657 0.421018
       top_near_liq * log1p(total_opp_80ms_w0)  0.044245 0.010825    4.087350 0.000044
                ob_near_half * opp_count_1s_w0  0.026224 0.009150    2.865973 0.004157
            ret_vwap_80ms_w1 * opp_count_1s_w0 -0.021911 0.007965   -2.751063 0.005940
    log1p(amplitude_80ms_w0) * amplitude_1s_w0  0.017479 0.015033    1.162676 0.244961
log1p(amplitude_80ms_w0) * ret_autocov_300s_w1 -0.006072 0.008102   -0.749406 0.453612

Shadow consistency backtest (validation-stage selected threshold on test days):
 threshold_quantile  threshold  Sharpe1H365  Sortino1H365  ReturnPct  AnnualReturnPct  MaxDrawdownPct  ReturnOverMDD  DailyTrades  DailyTradingValuePct  MaxPositionValue  roundtrip_count  valid_for_selection
           0.980000   0.134241    20.417928     39.790996   0.010250         3.903970        0.004671       2.194248     9.391304              9.413404         90.122950                4                 True

Applied refit-period threshold for test: logistic=0.148487686515

Test balanced-inventory backtest (Logistic, selected threshold, refit on pre-test window):
 threshold_quantile  threshold  Sharpe1H365  Sortino1H365  ReturnPct  AnnualReturnPct  MaxDrawdownPct  ReturnOverMDD  DailyTrades  DailyTradingValuePct  MaxPositionValue  roundtrip_count  valid_for_selection
           0.980000   0.148488    23.394161     39.073837   0.012687         4.832155        0.005760       2.202673     7.304348              7.335306         90.122950                3                 True
