Fill surface OLS:
  R^2 = 0.891460
       term      coef  std_err  p_value
      const  0.524124 0.001368 0.000000
q_near_norm  0.029314 0.003663 0.000000
 q_opp_norm  0.003620 0.003666 0.323399
  imbalance -0.383172 0.002927 0.000000

Fill-probability gates:
                   name  threshold  selected_quantile  total_count  kept_count  kept_share  min_count_floor  kept_fill_count  min_fill_floor  floor_met
     dataset_gate_train   0.799982           0.800000      1558631      311727    0.200001              250    258133.000000       25.000000       True
trading_gate_validation   0.853721           0.980000     30240000      604802    0.020000              250              NaN             NaN       True
     dataset_gate_refit   0.801831           0.800000      1532167      308469    0.201329              250    254705.000000       25.000000       True
      trading_gate_test   0.852515           0.980000     30240000      604803    0.020000              250              NaN             NaN       True

Logistic train / validation / test metrics:
     split  n_orders  pos_rate  roc_auc  avg_precision  log_loss    brier  accuracy@0.5
     train    311726  0.082627 0.582000       0.110953  0.281864 0.075267      0.917373
validation     43359  0.086487 0.574533       0.112316  0.292167 0.078624      0.913490
      test     25000  0.075920 0.582966       0.100554  0.265710 0.069733      0.924080

Validation balanced-inventory backtest (Logistic):
 threshold_quantile  threshold  Sharpe1H365  Sortino1H365  ReturnPct  AnnualReturnPct  MaxDrawdownPct  ReturnOverMDD  DailyTrades  DailyTradingValuePct  MaxPositionValue  roundtrip_count  valid_for_selection
           0.800000   0.092558   -19.016508    -21.630298  -0.037621        -7.011855        0.053318      -0.705585   123.063830            125.083995         89.363850              120                 True
           0.850000   0.096741   -21.626313    -24.788249  -0.041443        -7.724342        0.061425      -0.674698    97.531915             99.129506         89.363850               95                 True
           0.855000   0.097219   -22.325754    -25.378283  -0.042920        -7.999622        0.063041      -0.680837    95.489362             97.049047         89.363850               93                 True
           0.900000   0.103062   -20.864643    -24.885420  -0.040079        -7.470120        0.053115      -0.754579    68.936170             70.076427         89.363850               67                 True
           0.900000   0.103062   -20.864643    -24.885420  -0.040079        -7.470120        0.053115      -0.754579    68.936170             70.076427         89.363850               67                 True
           0.935000   0.110489    -7.903662    -10.501081  -0.013857        -2.582739        0.034441      -0.402349    48.510638             49.292592         89.363850               47                 True
           0.950000   0.114916    -1.136786     -1.584261  -0.001948        -0.363137        0.025603      -0.076100    35.234043             35.811487         89.363850               34                 True
           0.950000   0.114916    -1.136786     -1.584261  -0.001948        -0.363137        0.025603      -0.076100    35.234043             35.811487         89.363850               34                 True
           0.975000   0.126281    18.467889     31.882553   0.039070         7.282052        0.021073       1.854026    22.468085             22.826236         89.363850               22                 True
           0.980000   0.130083    16.023752     24.508052   0.031225         5.819821        0.020748       1.504970    16.851064             17.122669         89.363850               16                 True
           0.985000   0.135102    21.810943     34.597351   0.035923         6.695427        0.012636       2.843015    11.744681             11.944035         89.197750               11                 True
           0.987000   0.137505    25.107266     43.098139   0.047035         8.766438        0.012636       3.722409     8.170213              8.305234         89.363850                8                 True
           0.990000   0.142125    26.845214     46.544816   0.053482         9.968191        0.012636       4.232697     5.617021              5.701270         89.363850                5                 True
           1.000000   0.563380          NaN           NaN   0.000000         0.000000        0.000000            NaN     0.000000              0.000000          0.000000                0                False

Validation score-grid thresholds: (0.092557914555, 0.096740662679, 0.097218749635, 0.103062416613, 0.103062416613, 0.11048890017, 0.114916193113, 0.114916193113, 0.12628130801, 0.130082692206, 0.135101886764, 0.137504959166, 0.142124568969, 0.563379943371)

Selected threshold quantile: logistic=0.987, validation_threshold=0.137504959166

Shadow consistency threshold sweep (validation-stage model/gates on test days):
 threshold_quantile  threshold  Sharpe1H365  Sortino1H365  ReturnPct  AnnualReturnPct  MaxDrawdownPct  ReturnOverMDD  DailyTrades  DailyTradingValuePct  MaxPositionValue  roundtrip_count  valid_for_selection
           0.800000   0.092558    -8.705958    -11.250182  -0.005034        -1.917107        0.012766      -0.394283   197.217391            197.800592         90.142950               94                 True
           0.850000   0.096741    -0.577534     -0.782915  -0.000407        -0.155060        0.010376      -0.039238   146.086957            146.525104         90.142950               70                 True
           0.855000   0.097219    -2.732882     -3.602188  -0.002017        -0.768198        0.010769      -0.187300   135.652174            136.044659         90.142950               65                 True
           0.900000   0.103062   -21.080267    -26.801175  -0.014629        -5.571721        0.017604      -0.831007    90.782609             90.971284         90.142950               43                 True
           0.900000   0.103062   -21.080267    -26.801175  -0.014629        -5.571721        0.017604      -0.831007    90.782609             90.971284         90.142950               43                 True
           0.935000   0.110489   -15.586011    -18.529581  -0.008024        -3.056285        0.009518      -0.843079    51.130435             51.190607         90.142950               24                 True
           0.950000   0.114916   -26.001172    -28.255577  -0.018704        -7.123776        0.024972      -0.748988    34.434783             34.465024         90.142950               16                 True
           0.950000   0.114916   -26.001172    -28.255577  -0.018704        -7.123776        0.024972      -0.748988    34.434783             34.465024         90.142950               16                 True
           0.975000   0.126281    10.613955     16.929041   0.009940         3.785952        0.007831       1.269364    10.434783             10.448958         90.220050                5                 True
           0.980000   0.130083    12.347905     21.056008   0.010985         4.183931        0.007831       1.402800     8.347826              8.367606         90.220050                4                 True
           0.985000   0.135102     7.925788     13.345600   0.006976         2.657090        0.007831       0.890876     6.260870              6.266905         90.220050                3                 True
           0.987000   0.137505     7.743237     13.019345   0.006806         2.592133        0.007831       0.869097     5.217391              5.222804         90.220050                2                 True
           0.990000   0.142125     5.911743      9.921934   0.005214         1.985770        0.007831       0.665794     3.130435              3.138786         90.220050                1                 True
           1.000000   0.563380          NaN           NaN   0.000000         0.000000        0.000000            NaN     0.000000              0.000000          0.000000                0                False

Test balanced-inventory threshold sweep (Logistic, refit on pre-test window):
 threshold_quantile  threshold  Sharpe1H365  Sortino1H365  ReturnPct  AnnualReturnPct  MaxDrawdownPct  ReturnOverMDD  DailyTrades  DailyTradingValuePct  MaxPositionValue  roundtrip_count  valid_for_selection
           0.800000   0.094121   -19.030296    -22.298424  -0.014655        -5.581523        0.023738      -0.617345   223.304348            223.919785         90.142950              107                 True
           0.850000   0.099153    -5.773324     -7.312893  -0.003937        -1.499595        0.012396      -0.317625   152.347826            152.799011         90.142950               73                 True
           0.855000   0.099727   -11.981735    -14.875628  -0.008087        -3.080184        0.016546      -0.488774   148.173913            148.595536         90.142950               71                 True
           0.900000   0.106307     5.186841      9.802740   0.003171         1.207753        0.008002       0.396258    93.913043             94.096995         90.142950               45                 True
           0.900000   0.106307     5.186841      9.802740   0.003171         1.207753        0.008002       0.396258    93.913043             94.096995         90.142950               45                 True
           0.935000   0.114256   -20.014187    -23.062846  -0.013473        -5.131427        0.019939      -0.675691    54.260870             54.363740         90.142950               26                 True
           0.950000   0.119444   -22.573016    -27.157444  -0.012475        -4.751325        0.015987      -0.780300    36.521739             36.597946         90.220050               17                 True
           0.950000   0.119444   -22.573016    -27.157444  -0.012475        -4.751325        0.015987      -0.780300    36.521739             36.597946         90.220050               17                 True
           0.975000   0.133296    17.456463     32.500058   0.013492         5.138769        0.007137       1.890491    13.565217             13.624606         90.142950                6                 True
           0.980000   0.137650    15.902666     30.529278   0.011548         4.398265        0.007254       1.591857     9.391304              9.431246         90.220050                4                 True
           0.985000   0.143198    21.883000     47.479261   0.015240         5.804428        0.005922       2.573586     7.304348              7.352742         90.220050                3                 True
           0.987000   0.146017    13.894859     25.962181   0.011933         4.544876        0.007831       1.523819     3.130435              3.145797         90.220050                1                 True
           0.990000   0.150872    13.894859     25.962181   0.011933         4.544876        0.007831       1.523819     3.130435              3.145797         90.220050                1                 True
           1.000000   1.000000          NaN           NaN   0.000000         0.000000        0.000000            NaN     0.000000              0.000000          0.000000                0                False

Logistic coefficients (refit on pre-test window):
                                          term      coef   std_err     z_value  p_value
                                         const -2.476841  0.006844 -361.911748 0.000000
                                     stdev_100 -0.041092  0.032006   -1.283908 0.199174
                                     stdev_500 -0.004589  0.013403   -0.342427 0.732029
                      log1p(amplitude_80ms_w0) -0.095190  0.022705   -4.192539 0.000028
                              ret_vwap_80ms_w0  0.025890  0.015151    1.708753 0.087497
                      log1p(amplitude_80ms_w1)  0.043765  0.019393    2.256732 0.024025
                              ret_vwap_80ms_w1  0.022061  0.015389    1.433574 0.151694
                      log1p(amplitude_80ms_w2) -0.001192  0.017639   -0.067577 0.946123
                              ret_vwap_80ms_w2 -0.002977  0.012871   -0.231297 0.817084
                               amplitude_1s_w0 -0.050824  0.021205   -2.396734 0.016542
                                ret_vwap_1s_w0  0.011389  0.018264    0.623613 0.532882
                        log1p(amplitude_1s_w1)  0.005151  0.016344    0.315149 0.752649
                                ret_vwap_1s_w1  0.041573  0.029748    1.397479 0.162270
                        log1p(amplitude_1s_w2) -0.003296  0.016172   -0.203836 0.838481
                                ret_vwap_1s_w2  0.014256  0.036073    0.395210 0.692688
                               amplitude_5s_w0  0.008227  0.018668    0.440721 0.659415
                                ret_vwap_5s_w0  0.000366  0.020514    0.017844 0.985763
                               amplitude_5s_w1 -0.013246  0.018210   -0.727375 0.466996
                                ret_vwap_5s_w1 -0.032783  0.032017   -1.023908 0.305879
                               amplitude_5s_w2 -0.046104  0.018663   -2.470406 0.013496
                                ret_vwap_5s_w2  0.094437  0.043490    2.171432 0.029899
                              amplitude_30s_w0 -0.010331  0.017433   -0.592630 0.553429
                               ret_vwap_30s_w0 -0.003152  0.021026   -0.149924 0.880824
                              amplitude_30s_w1 -0.003606  0.016221   -0.222330 0.824057
                               ret_vwap_30s_w1  0.049843  0.029801    1.672536 0.094419
                              amplitude_30s_w2  0.032994  0.015941    2.069733 0.038477
                               ret_vwap_30s_w2 -0.131370  0.039806   -3.300222 0.000966
                             amplitude_300s_w0  0.041823  0.017735    2.358209 0.018363
                              ret_vwap_300s_w0  0.041755  0.017068    2.446361 0.014431
                             amplitude_300s_w1  0.003879  0.016721    0.231967 0.816563
                              ret_vwap_300s_w1  0.034099  0.027846    1.224538 0.220749
                             amplitude_300s_w2 -0.002285  0.015954   -0.143226 0.886112
                              ret_vwap_300s_w2  0.041801  0.037127    1.125895 0.260210
                       log1p(max_size_80ms_w0)  0.027609  0.025299    1.091316 0.275134
                       log1p(avg_size_80ms_w0)  0.019071  0.011491    1.659611 0.096993
                     log1p(same_count_80ms_w0)  0.038815  0.009974    3.891677 0.000100
                             opp_count_80ms_w0  0.087036  0.034547    2.519324 0.011758
                     log1p(total_same_80ms_w0) -0.023648  0.011747   -2.013138 0.044100
                      log1p(total_opp_80ms_w0) -0.094569  0.027234   -3.472446 0.000516
                       log1p(max_size_80ms_w1) -0.046865  0.023643   -1.982234 0.047453
                       log1p(avg_size_80ms_w1) -0.000136  0.010152   -0.013349 0.989349
                     log1p(same_count_80ms_w1) -0.025652  0.011110   -2.308910 0.020949
                      log1p(opp_count_80ms_w1) -0.068368  0.026655   -2.564963 0.010319
                     log1p(total_same_80ms_w1)  0.025368  0.011665    2.174634 0.029658
                      log1p(total_opp_80ms_w1)  0.074910  0.024207    3.094568 0.001971
                       log1p(max_size_80ms_w2) -0.041361  0.024718   -1.673356 0.094257
                       log1p(avg_size_80ms_w2) -0.018695  0.010900   -1.715218 0.086305
                     log1p(same_count_80ms_w2)  0.006927  0.012536    0.552559 0.580566
                      log1p(opp_count_80ms_w2) -0.046173  0.024898   -1.854474 0.063671
                     log1p(total_same_80ms_w2)  0.011131  0.013262    0.839297 0.401302
                      log1p(total_opp_80ms_w2)  0.063060  0.024134    2.612900 0.008978
                                max_size_1s_w0  0.006541  0.009316    0.702115 0.482607
                                avg_size_1s_w0 -0.018928  0.010451   -1.811069 0.070130
                       log1p(same_count_1s_w0) -0.045186  0.016338   -2.765728 0.005680
                               opp_count_1s_w0  0.050646  0.028923    1.751102 0.079928
                       log1p(total_same_1s_w0)  0.017628  0.015265    1.154797 0.248174
                        log1p(total_opp_1s_w0) -0.004784  0.018436   -0.259475 0.795268
                         log1p(max_size_1s_w1) -0.010848  0.018363   -0.590777 0.554670
                                avg_size_1s_w1  0.006762  0.008295    0.815113 0.415008
                       log1p(same_count_1s_w1) -0.000163  0.018043   -0.009027 0.992798
                        log1p(opp_count_1s_w1) -0.000228  0.018709   -0.012195 0.990270
                       log1p(total_same_1s_w1)  0.011465  0.017621    0.650683 0.515251
                        log1p(total_opp_1s_w1)  0.019656  0.018691    1.051657 0.292957
                         log1p(max_size_1s_w2)  0.003791  0.018578    0.204073 0.838296
                                avg_size_1s_w2  0.007653  0.008211    0.932112 0.351278
                       log1p(same_count_1s_w2)  0.056566  0.018619    3.038066 0.002381
                        log1p(opp_count_1s_w2)  0.005294  0.018047    0.293351 0.769254
                       log1p(total_same_1s_w2) -0.000802  0.018133   -0.044207 0.964739
                        log1p(total_opp_1s_w2) -0.020602  0.018403   -1.119534 0.262912
                                max_size_5s_w0 -0.001536  0.010287   -0.149355 0.881273
                                avg_size_5s_w0 -0.004795  0.012356   -0.388109 0.697935
                       log1p(same_count_5s_w0)  0.012546  0.024506    0.511968 0.608673
                               opp_count_5s_w0 -0.061601  0.040291   -1.528926 0.126283
                       log1p(total_same_5s_w0) -0.025516  0.023111   -1.104029 0.269581
                        log1p(total_opp_5s_w0)  0.029247  0.019016    1.538077 0.124030
                                max_size_5s_w1  0.007337  0.008783    0.835349 0.403521
                                avg_size_5s_w1  0.001371  0.009326    0.146995 0.883136
                       log1p(same_count_5s_w1)  0.034432  0.018981    1.814074 0.069666
                               opp_count_5s_w1 -0.010976  0.047558   -0.230786 0.817481
                       log1p(total_same_5s_w1) -0.002857  0.018909   -0.151071 0.879920
                        log1p(total_opp_5s_w1)  0.018721  0.013511    1.385617 0.165864
                                max_size_5s_w2 -0.009800  0.010618   -0.922918 0.356050
                                avg_size_5s_w2 -0.011743  0.009655   -1.216265 0.223884
                       log1p(same_count_5s_w2)  0.037239  0.018578    2.004449 0.045022
                               opp_count_5s_w2  0.143983  0.051216    2.811296 0.004934
                       log1p(total_same_5s_w2)  0.019445  0.019129    1.016543 0.309371
                        log1p(total_opp_5s_w2) -0.007803  0.013496   -0.578175 0.563146
                               max_size_30s_w0 -0.001499  0.012030   -0.124572 0.900862
                               avg_size_30s_w0  0.020190  0.012983    1.555117 0.119918
                             same_count_30s_w0 -0.001491  0.716304   -0.002081 0.998340
                              opp_count_30s_w0  0.066948  0.717703    0.093280 0.925681
                      log1p(total_same_30s_w0) -0.091793  0.020245   -4.534202 0.000006
                              total_opp_30s_w0 -0.033333  0.021503   -1.550166 0.121102
                               max_size_30s_w1 -0.001527  0.008955   -0.170474 0.864637
                               avg_size_30s_w1  0.014621  0.009948    1.469812 0.141613
                             same_count_30s_w1 -0.084046  0.596841   -0.140818 0.888014
                              opp_count_30s_w1  0.103028  0.597384    0.172466 0.863071
                      log1p(total_same_30s_w1)  0.006545  0.015655    0.418076 0.675892
                              total_opp_30s_w1 -0.000540  0.021370   -0.025281 0.979831
                               max_size_30s_w2 -0.012664  0.009346   -1.354925 0.175442
                               avg_size_30s_w2 -0.000592  0.009939   -0.059578 0.952491
                             same_count_30s_w2  0.057730  0.583815    0.098884 0.921230
                              opp_count_30s_w2 -0.075307  0.592473   -0.127106 0.898856
                      log1p(total_same_30s_w2) -0.006402  0.015380   -0.416258 0.677222
                              total_opp_30s_w2  0.018218  0.022086    0.824870 0.409445
                              max_size_300s_w0  0.013016  0.009662    1.347044 0.177966
                              avg_size_300s_w0 -0.020190  0.013013   -1.551478 0.120787
                            same_count_300s_w0 -0.238985  5.585063   -0.042790 0.965869
                             opp_count_300s_w0  0.109890  5.590928    0.019655 0.984319
                            total_same_300s_w0  0.025316  0.030528    0.829262 0.406956
                             total_opp_300s_w0  0.099670  0.037445    2.661755 0.007773
                              max_size_300s_w1  0.004256  0.008539    0.498403 0.618200
                              avg_size_300s_w1  0.012807  0.010219    1.253270 0.210108
                            same_count_300s_w1 -0.028277  4.583610   -0.006169 0.995078
                             opp_count_300s_w1  0.047991  4.547034    0.010554 0.991579
                            total_same_300s_w1 -0.054594  0.032356   -1.687290 0.091548
                             total_opp_300s_w1  0.041728  0.030781    1.355650 0.175211
                              max_size_300s_w2 -0.001683  0.008598   -0.195689 0.844853
                              avg_size_300s_w2  0.008277  0.009793    0.845143 0.398031
                            same_count_300s_w2 -0.003358  4.537239   -0.000740 0.999409
                             opp_count_300s_w2 -0.005981  4.541093   -0.001317 0.998949
                            total_same_300s_w2  0.014356  0.029682    0.483663 0.628625
                             total_opp_300s_w2  0.021690  0.030170    0.718943 0.472176
                           ret_autocov_80ms_w0 -0.014311  0.004904   -2.918044 0.003522
                               ret_sum_80ms_w0  0.050432  0.023537    2.142668 0.032140
                       trade_intensity_80ms_w0  0.005048  0.006765    0.746216 0.455537
                           ret_autocov_80ms_w1  0.012481  0.016599    0.751963 0.452073
                               ret_sum_80ms_w1  0.003897  0.015022    0.259404 0.795323
                log1p(trade_intensity_80ms_w1)  0.024213  0.019035    1.272024 0.203365
                           ret_autocov_80ms_w2  0.007157  0.006730    1.063395 0.287603
                               ret_sum_80ms_w2 -0.010142  0.012310   -0.823854 0.410022
                log1p(trade_intensity_80ms_w2)  0.036573  0.019400    1.885210 0.059401
                             ret_autocov_1s_w0  0.002788  0.007444    0.374489 0.708040
                                 ret_sum_1s_w0  0.085727  0.041182    2.081653 0.037374
                         trade_intensity_1s_w0  0.006406  0.004798    1.335290 0.181781
                             ret_autocov_1s_w1  0.000925  0.008725    0.106052 0.915541
                                 ret_sum_1s_w1  0.011588  0.026012    0.445497 0.655961
                  log1p(trade_intensity_1s_w1) -0.016349  0.016736   -0.976864 0.328636
                             ret_autocov_1s_w2  0.022336  0.009201    2.427486 0.015204
                                 ret_sum_1s_w2 -0.020157  0.014837   -1.358540 0.174292
                  log1p(trade_intensity_1s_w2) -0.029613  0.016647   -1.778892 0.075257
                             ret_autocov_5s_w0 -0.031580  0.014149   -2.231971 0.025617
                                 ret_sum_5s_w0  0.028356  0.046931    0.604203 0.545709
                         trade_intensity_5s_w0  0.039403  0.034043    1.157472 0.247079
                             ret_autocov_5s_w1 -0.018098  0.007532   -2.402774 0.016271
                                 ret_sum_5s_w1  0.032475  0.039158    0.829325 0.406921
                         trade_intensity_5s_w1 -0.025175  0.047350   -0.531674 0.594952
                             ret_autocov_5s_w2 -0.010138  0.007079   -1.432254 0.152071
                                 ret_sum_5s_w2  0.063740  0.030664    2.078674 0.037647
                         trade_intensity_5s_w2 -0.128170  0.052293   -2.450984 0.014247
                            ret_autocov_30s_w0  0.008412  0.013025    0.645826 0.518392
                                ret_sum_30s_w0 -0.021973  0.048354   -0.454416 0.649530
                        trade_intensity_30s_w0  0.034581  1.350845    0.025599 0.979577
                            ret_autocov_30s_w1  0.014394  0.010264    1.402292 0.160828
                                ret_sum_30s_w1 -0.017775  0.037207   -0.477740 0.632835
                        trade_intensity_30s_w1 -0.020753  1.129417   -0.018375 0.985340
                            ret_autocov_30s_w2  0.009727  0.009750    0.997677 0.318436
                                ret_sum_30s_w2 -0.062115  0.029706   -2.091009 0.036527
                        trade_intensity_30s_w2 -0.032529  1.112969   -0.029228 0.976683
                           ret_autocov_300s_w0 -0.007431  0.010667   -0.696647 0.486024
                               ret_sum_300s_w0  0.096325  0.043662    2.206177 0.027372
                       trade_intensity_300s_w0 -0.061411 11.061679   -0.005552 0.995570
                           ret_autocov_300s_w1 -0.006362  0.009973   -0.637866 0.523561
                               ret_sum_300s_w1  0.031128  0.031785    0.979323 0.327421
                       trade_intensity_300s_w1  0.020065  9.044613    0.002218 0.998230
                           ret_autocov_300s_w2  0.004949  0.007999    0.618647 0.536149
                               ret_sum_300s_w2 -0.004460  0.020934   -0.213067 0.831275
                       trade_intensity_300s_w2 -0.007514  8.993627   -0.000835 0.999333
                                  top_near_liq  0.039210  0.011485    3.414151 0.000640
                                   top_opp_liq -0.077684  0.014669   -5.295821 0.000000
                                  ob_near_half -0.118915  0.012707   -9.357973 0.000000
                                     totb_mean -0.004157  0.006962   -0.597182 0.550386
                                    log1p(age)  0.088755  0.007319   12.126321 0.000000
                                    is_weekend -0.010936  0.007387   -1.480496 0.138741
  opp_count_80ms_w0 * log1p(total_opp_80ms_w0) -0.033425  0.020859   -1.602428 0.109061
       top_near_liq * log1p(total_opp_80ms_w0)  0.058843  0.011152    5.276407 0.000000
                ob_near_half * opp_count_1s_w0  0.031967  0.011925    2.680733 0.007346
            ret_vwap_80ms_w1 * opp_count_1s_w0 -0.001240  0.010205   -0.121483 0.903308
    log1p(amplitude_80ms_w0) * amplitude_1s_w0  0.042468  0.014630    2.902706 0.003700
log1p(amplitude_80ms_w0) * ret_autocov_300s_w1  0.006921  0.009985    0.693145 0.488219

Shadow consistency backtest (validation-stage selected threshold on test days):
 threshold_quantile  threshold  Sharpe1H365  Sortino1H365  ReturnPct  AnnualReturnPct  MaxDrawdownPct  ReturnOverMDD  DailyTrades  DailyTradingValuePct  MaxPositionValue  roundtrip_count  valid_for_selection
           0.987000   0.137505     7.743237     13.019345   0.006806         2.592133        0.007831       0.869097     5.217391              5.222804         90.220050                2                 True

Applied refit-period threshold for test: logistic=0.146016772211

Test balanced-inventory backtest (Logistic, selected threshold, refit on pre-test window):
 threshold_quantile  threshold  Sharpe1H365  Sortino1H365  ReturnPct  AnnualReturnPct  MaxDrawdownPct  ReturnOverMDD  DailyTrades  DailyTradingValuePct  MaxPositionValue  roundtrip_count  valid_for_selection
           0.987000   0.146017    13.894859     25.962181   0.011933         4.544876        0.007831       1.523819     3.130435              3.145797         90.220050                1                 True
