Fill surface OLS:
  R^2 = 0.896813
       term      coef  std_err  p_value
      const  0.523573 0.001329 0.000000
q_near_norm  0.015342 0.003558 0.000016
 q_opp_norm  0.019376 0.003561 0.000000
  imbalance -0.371057 0.002843 0.000000

Fill-probability gates:
                   name  threshold  selected_quantile  total_count  kept_count  kept_share  min_count_floor  kept_fill_count  min_fill_floor  floor_met
     dataset_gate_train   0.801451           0.800000      1532380      307992    0.200989              250    254249.000000       25.000000       True
trading_gate_validation   0.852744           0.980000     30239998      604804    0.020000              250              NaN             NaN       True
     dataset_gate_refit   0.794773           0.800000      1527577      312644    0.204667              250    256210.000000       25.000000       True
      trading_gate_test   0.843724           0.980000     30240002      604801    0.020000              250              NaN             NaN       True

Logistic train / validation / test metrics:
     split  n_orders  pos_rate  roc_auc  avg_precision  log_loss    brier  accuracy@0.5
     train    307991  0.080197 0.581097       0.107737  0.276137 0.073276      0.919796
validation     48482  0.081680 0.566395       0.102963  0.280949 0.074701      0.918341
      test     24586  0.071585 0.554217       0.090900  0.256994 0.066284      0.928374

Validation balanced-inventory backtest (Logistic):
 threshold_quantile  threshold  Sharpe1H365  Sortino1H365  ReturnPct  AnnualReturnPct  MaxDrawdownPct  ReturnOverMDD  DailyTrades  DailyTradingValuePct  MaxPositionValue  roundtrip_count  valid_for_selection
           0.800000   0.090914     2.021558      3.042725   0.003201         0.596598        0.021994       0.145537   191.489362            190.170201         90.220050              187                 True
           0.850000   0.095619     1.476877      2.298594   0.002703         0.503877        0.031078       0.086989   134.808511            133.844559         90.220050              132                 True
           0.855000   0.096162    -3.643254     -5.011128  -0.005538        -1.032203        0.028639      -0.193377   127.659574            126.754150         90.220050              125                 True
           0.900000   0.102311    -1.854908     -2.759285  -0.003056        -0.569661        0.023644      -0.129269    89.872340             89.135436         90.142950               88                 True
           0.900000   0.102311    -1.854908     -2.759285  -0.003056        -0.569661        0.023644      -0.129269    89.872340             89.135436         90.142950               88                 True
           0.935000   0.109633   -12.421744    -15.540167  -0.021879        -4.077867        0.031782      -0.688407    52.085106             51.666665         90.142950               51                 True
           0.950000   0.114156    -4.275805     -6.016592  -0.008088        -1.507432        0.025481      -0.317402    40.340426             39.963929         90.220050               39                 True
           0.950000   0.114156    -4.275805     -6.016592  -0.008088        -1.507432        0.025481      -0.317402    40.340426             39.963929         90.220050               39                 True
           0.975000   0.126386   -21.301939    -24.425502  -0.038166        -7.113477        0.046765      -0.816120    21.957447             21.667728         90.220050               21                 True
           0.980000   0.130016    -4.130096     -5.604350  -0.007279        -1.356762        0.023116      -0.314914    19.914894             19.630271         90.220050               19                 True
           0.985000   0.134506   -13.329166    -16.570334  -0.023477        -4.375734        0.029049      -0.808190    11.744681             11.558650         90.220050               11                 True
           0.987000   0.137066    -3.994833     -5.545580  -0.007290        -1.358728        0.018421      -0.395746    10.723404             10.546056         90.220050               10                 True
           0.990000   0.141804     4.269513      6.822198   0.008821         1.644111        0.018421       0.478867     9.702128              9.512836         90.220050                9                 True
           1.000000   0.519289          NaN           NaN   0.000000         0.000000        0.000000            NaN     0.000000              0.000000          0.000000                0                False

Validation score-grid thresholds: (0.090914162993, 0.095619072393, 0.096162189879, 0.102311106026, 0.102311106026, 0.109632947184, 0.114156066999, 0.114156066999, 0.126385560632, 0.130016351044, 0.134505809769, 0.137066399664, 0.141804429591, 0.519289016724)

Selected threshold quantile: logistic=0.99, validation_threshold=0.141804429591

Shadow consistency threshold sweep (validation-stage model/gates on test days):
 threshold_quantile  threshold  Sharpe1H365  Sortino1H365  ReturnPct  AnnualReturnPct  MaxDrawdownPct  ReturnOverMDD  DailyTrades  DailyTradingValuePct  MaxPositionValue  roundtrip_count  valid_for_selection
           0.800000   0.090914   -17.742717    -22.420104  -0.031795       -12.109571        0.032927      -0.965602   101.217391             99.547348         84.240850               48                 True
           0.850000   0.095619   -22.198519    -24.726887  -0.034351       -13.083077        0.035631      -0.964073    74.086957             72.928963         84.240850               35                 True
           0.855000   0.096162   -20.946634    -23.448053  -0.032276       -12.292948        0.033556      -0.961852    74.086957             72.930499         84.240850               35                 True
           0.900000   0.102311    -9.175389    -11.297996  -0.013038        -4.965864        0.020690      -0.630161    42.782609             42.023374         84.240850               20                 True
           0.900000   0.102311    -9.175389    -11.297996  -0.013038        -4.965864        0.020690      -0.630161    42.782609             42.023374         84.240850               20                 True
           0.935000   0.109633   -14.099843    -16.494195  -0.021248        -8.092810        0.022620      -0.939362    24.000000             23.539532         84.240850               11                 True
           0.950000   0.114156    -4.933942     -5.633616  -0.006160        -2.346237        0.022620      -0.272336    13.565217             13.329695         84.211450                6                 True
           0.950000   0.114156    -4.933942     -5.633616  -0.006160        -2.346237        0.022620      -0.272336    13.565217             13.329695         84.211450                6                 True
           0.975000   0.126386   -11.083997    -12.025821  -0.013116        -4.995350        0.022281      -0.588657     8.347826              8.226546         84.157450                4                 True
           0.980000   0.130016   -10.831982    -12.203728  -0.013631        -5.191708        0.023988      -0.568247     4.173913              4.152364         84.157450                2                 True
           0.985000   0.134506    14.250495     25.376129   0.007192         2.739333        0.004727       1.521555     4.173913              4.126585         83.104750                2                 True
           0.987000   0.137066    14.250495     25.376129   0.007192         2.739333        0.004727       1.521555     4.173913              4.126585         83.104750                2                 True
           0.990000   0.141804   -10.831982    -12.203728  -0.013631        -5.191708        0.023988      -0.568247     2.086957              2.065793         84.157450                1                 True
           1.000000   0.519289          NaN           NaN   0.000000         0.000000        0.000000            NaN     0.000000              0.000000          0.000000                0                False

Test balanced-inventory threshold sweep (Logistic, refit on pre-test window):
 threshold_quantile  threshold  Sharpe1H365  Sortino1H365  ReturnPct  AnnualReturnPct  MaxDrawdownPct  ReturnOverMDD  DailyTrades  DailyTradingValuePct  MaxPositionValue  roundtrip_count  valid_for_selection
           0.800000   0.093517   -31.285821    -31.500582  -0.052309       -19.923094        0.053660      -0.974839   109.565217            107.734929         84.240850               52                 True
           0.850000   0.098716   -25.255053    -26.136660  -0.030181       -11.494951        0.031578      -0.955748    78.260870             77.043392         84.240850               37                 True
           0.855000   0.099345   -28.527096    -29.182777  -0.038233       -14.561845        0.039631      -0.964740    76.173913             74.988734         84.240850               36                 True
           0.900000   0.106336   -17.249492    -18.323401  -0.036114       -13.754747        0.038281      -0.943400    46.956522             46.178374         84.211450               22                 True
           0.900000   0.106336   -17.249492    -18.323401  -0.036114       -13.754747        0.038281      -0.943400    46.956522             46.178374         84.211450               22                 True
           0.935000   0.115007   -20.044770    -21.032685  -0.041659       -15.866609        0.043571      -0.956109    28.173913             27.730677         84.240850               13                 True
           0.950000   0.120378   -16.213353    -16.994006  -0.031877       -12.141028        0.040947      -0.778496    14.608696             14.349042         84.240850                7                 True
           0.950000   0.120378   -16.213353    -16.994006  -0.031877       -12.141028        0.040947      -0.778496    14.608696             14.349042         84.240850                7                 True
           0.975000   0.134706   -16.472481    -17.058372  -0.031719       -12.080955        0.040884      -0.775832     6.260870              6.120564         84.157450                3                 True
           0.980000   0.139192   -16.472481    -17.058372  -0.031719       -12.080955        0.040884      -0.775832     6.260870              6.120564         84.157450                3                 True
           0.985000   0.145248   -14.316700    -15.951016  -0.013503        -5.142740        0.020229      -0.667482     4.173913              4.064644         82.906550                2                 True
           0.987000   0.148357   -14.316700    -15.951016  -0.013503        -5.142740        0.020229      -0.667482     4.173913              4.064644         82.906550                2                 True
           0.990000   0.153827   -14.316700    -15.951016  -0.013503        -5.142740        0.020229      -0.667482     4.173913              4.064644         82.906550                2                 True
           1.000000   0.782482          NaN           NaN   0.000000         0.000000        0.000000            NaN     0.000000              0.000000          0.000000                0                False

Logistic coefficients (refit on pre-test window):
                                          term      coef   std_err     z_value  p_value
                                         const -2.472369  0.006774 -364.994121 0.000000
                                     stdev_100 -0.068610  0.033481   -2.049240 0.040439
                                     stdev_500 -0.024051  0.013482   -1.783932 0.074435
                      log1p(amplitude_80ms_w0) -0.064267  0.022100   -2.908023 0.003637
                              ret_vwap_80ms_w0  0.006099  0.014552    0.419091 0.675150
                      log1p(amplitude_80ms_w1)  0.009657  0.018996    0.508379 0.611188
                              ret_vwap_80ms_w1  0.032132  0.014560    2.206904 0.027321
                      log1p(amplitude_80ms_w2)  0.011938  0.017409    0.685727 0.492886
                              ret_vwap_80ms_w2  0.007592  0.012421    0.611232 0.541046
                               amplitude_1s_w0 -0.062045  0.020809   -2.981654 0.002867
                                ret_vwap_1s_w0 -0.001800  0.017778   -0.101233 0.919366
                        log1p(amplitude_1s_w1)  0.020637  0.016223    1.272078 0.203345
                                ret_vwap_1s_w1  0.025385  0.029004    0.875219 0.381455
                        log1p(amplitude_1s_w2) -0.025084  0.016123   -1.555734 0.119771
                                ret_vwap_1s_w2  0.043039  0.035473    1.213297 0.225016
                               amplitude_5s_w0  0.009600  0.018530    0.518086 0.604398
                                ret_vwap_5s_w0 -0.042911  0.020199   -2.124391 0.033637
                               amplitude_5s_w1 -0.008115  0.017829   -0.455147 0.649003
                                ret_vwap_5s_w1 -0.022691  0.031956   -0.710074 0.477658
                               amplitude_5s_w2 -0.037727  0.018516   -2.037562 0.041594
                                ret_vwap_5s_w2  0.048991  0.040402    1.212589 0.225287
                              amplitude_30s_w0 -0.000438  0.017506   -0.024995 0.980059
                               ret_vwap_30s_w0  0.020313  0.020723    0.980209 0.326983
                              amplitude_30s_w1 -0.003969  0.016185   -0.245225 0.806282
                               ret_vwap_30s_w1  0.066640  0.029612    2.250491 0.024418
                              amplitude_30s_w2  0.018501  0.015783    1.172232 0.241104
                               ret_vwap_30s_w2 -0.095798  0.039266   -2.439698 0.014700
                             amplitude_300s_w0  0.030225  0.017935    1.685213 0.091948
                              ret_vwap_300s_w0  0.011434  0.016751    0.682598 0.494861
                             amplitude_300s_w1  0.024583  0.016696    1.472459 0.140897
                              ret_vwap_300s_w1  0.012508  0.027643    0.452461 0.650937
                             amplitude_300s_w2 -0.005249  0.015957   -0.328958 0.742187
                              ret_vwap_300s_w2 -0.008434  0.037190   -0.226772 0.820601
                       log1p(max_size_80ms_w0)  0.030392  0.024337    1.248840 0.211724
                       log1p(avg_size_80ms_w0)  0.023099  0.011265    2.050524 0.040313
                     log1p(same_count_80ms_w0)  0.019605  0.009959    1.968513 0.049009
                             opp_count_80ms_w0  0.006192  0.032467    0.190732 0.848736
                     log1p(total_same_80ms_w0) -0.004638  0.011376   -0.407706 0.683489
                      log1p(total_opp_80ms_w0) -0.073595  0.025988   -2.831902 0.004627
                       log1p(max_size_80ms_w1) -0.024624  0.022813   -1.079414 0.280403
                       log1p(avg_size_80ms_w1) -0.014059  0.010210   -1.376882 0.168549
                     log1p(same_count_80ms_w1) -0.011117  0.010999   -1.010727 0.312147
                      log1p(opp_count_80ms_w1) -0.063426  0.026360   -2.406130 0.016123
                     log1p(total_same_80ms_w1)  0.026802  0.010997    2.437155 0.014803
                      log1p(total_opp_80ms_w1)  0.063343  0.023587    2.685465 0.007243
                       log1p(max_size_80ms_w2) -0.051163  0.023694   -2.159297 0.030827
                       log1p(avg_size_80ms_w2) -0.009279  0.010479   -0.885412 0.375934
                     log1p(same_count_80ms_w2) -0.019326  0.012697   -1.522093 0.127986
                      log1p(opp_count_80ms_w2) -0.079282  0.024745   -3.203984 0.001355
                     log1p(total_same_80ms_w2)  0.029068  0.012517    2.322286 0.020218
                      log1p(total_opp_80ms_w2)  0.071526  0.023113    3.094674 0.001970
                                max_size_1s_w0  0.007648  0.009017    0.848190 0.396332
                                avg_size_1s_w0 -0.018239  0.010249   -1.779545 0.075150
                       log1p(same_count_1s_w0) -0.033580  0.016362   -2.052326 0.040138
                               opp_count_1s_w0  0.082885  0.027542    3.009388 0.002618
                       log1p(total_same_1s_w0)  0.012788  0.015101    0.846828 0.397091
                        log1p(total_opp_1s_w0) -0.000799  0.017902   -0.044646 0.964389
                         log1p(max_size_1s_w1) -0.036267  0.018070   -2.007017 0.044748
                                avg_size_1s_w1  0.005768  0.008085    0.713471 0.475554
                       log1p(same_count_1s_w1) -0.040801  0.017978   -2.269536 0.023236
                        log1p(opp_count_1s_w1) -0.024501  0.018620   -1.315845 0.188226
                       log1p(total_same_1s_w1)  0.050733  0.017443    2.908523 0.003631
                        log1p(total_opp_1s_w1)  0.049034  0.018256    2.685949 0.007232
                         log1p(max_size_1s_w2)  0.008853  0.018320    0.483233 0.628930
                                avg_size_1s_w2  0.007498  0.008023    0.934575 0.350008
                       log1p(same_count_1s_w2)  0.054875  0.018580    2.953487 0.003142
                        log1p(opp_count_1s_w2)  0.036368  0.018123    2.006724 0.044779
                       log1p(total_same_1s_w2) -0.007051  0.018020   -0.391312 0.695567
                        log1p(total_opp_1s_w2) -0.021694  0.018199   -1.192003 0.233260
                                max_size_5s_w0 -0.006530  0.011349   -0.575392 0.565026
                                avg_size_5s_w0 -0.012258  0.012244   -1.001187 0.316736
                       log1p(same_count_5s_w0)  0.004142  0.024323    0.170308 0.864768
                               opp_count_5s_w0 -0.089858  0.040946   -2.194574 0.028194
                       log1p(total_same_5s_w0) -0.013388  0.023096   -0.579667 0.562139
                        log1p(total_opp_5s_w0)  0.039211  0.018881    2.076706 0.037829
                                max_size_5s_w1  0.010795  0.008240    1.310179 0.190135
                                avg_size_5s_w1  0.000501  0.009152    0.054712 0.956368
                       log1p(same_count_5s_w1)  0.025415  0.018792    1.352432 0.176237
                               opp_count_5s_w1  0.043230  0.050040    0.863899 0.387643
                       log1p(total_same_5s_w1) -0.013612  0.018859   -0.721776 0.470432
                        log1p(total_opp_5s_w1) -0.001285  0.013487   -0.095251 0.924116
                                max_size_5s_w2 -0.006723  0.010411   -0.645764 0.518432
                                avg_size_5s_w2 -0.024756  0.010368   -2.387699 0.016954
                       log1p(same_count_5s_w2)  0.010052  0.018652    0.538923 0.589940
                        log1p(opp_count_5s_w2) -0.030956  0.017434   -1.775591 0.075800
                       log1p(total_same_5s_w2)  0.026190  0.019114    1.370186 0.170629
                        log1p(total_opp_5s_w2)  0.012360  0.018620    0.663838 0.506794
                               max_size_30s_w0 -0.003976  0.011635   -0.341740 0.732546
                               avg_size_30s_w0  0.033840  0.012762    2.651554 0.008012
                             same_count_30s_w0 -0.083223  0.704276   -0.118168 0.905934
                              opp_count_30s_w0  0.118509  0.706510    0.167738 0.866789
                      log1p(total_same_30s_w0) -0.051223  0.020189   -2.537220 0.011174
                              total_opp_30s_w0 -0.061290  0.022699   -2.700143 0.006931
                               max_size_30s_w1 -0.002790  0.008203   -0.340118 0.733767
                               avg_size_30s_w1  0.004775  0.010210    0.467740 0.639971
                             same_count_30s_w1 -0.025847  0.586677   -0.044056 0.964859
                              opp_count_30s_w1  0.062194  0.588923    0.105606 0.915895
                      log1p(total_same_30s_w1)  0.010190  0.015447    0.659632 0.509490
                       log1p(total_opp_30s_w1)  0.036611  0.015188    2.410415 0.015934
                               max_size_30s_w2 -0.006826  0.008693   -0.785212 0.432329
                               avg_size_30s_w2 -0.004766  0.010221   -0.466265 0.641026
                             same_count_30s_w2  0.075443  0.581789    0.129674 0.896825
                              opp_count_30s_w2 -0.062300  0.586497   -0.106223 0.915405
                      log1p(total_same_30s_w2) -0.018157  0.015187   -1.195607 0.231850
                       log1p(total_opp_30s_w2)  0.021228  0.015118    1.404124 0.160282
                              max_size_300s_w0  0.010879  0.009824    1.107309 0.268160
                              avg_size_300s_w0 -0.012374  0.012900   -0.959215 0.337451
                            same_count_300s_w0 -0.251148  5.607933   -0.044784 0.964279
                             opp_count_300s_w0  0.155894  5.611665    0.027780 0.977837
                            total_same_300s_w0  0.027214  0.030281    0.898731 0.368796
                             total_opp_300s_w0  0.073724  0.031937    2.308428 0.020975
                              max_size_300s_w1  0.002623  0.008533    0.307442 0.758507
                              avg_size_300s_w1  0.011764  0.010111    1.163502 0.244626
                            same_count_300s_w1 -0.183035  4.467449   -0.040971 0.967319
                             opp_count_300s_w1  0.215950  4.454771    0.048476 0.961337
                            total_same_300s_w1 -0.012521  0.031210   -0.401182 0.688286
                             total_opp_300s_w1 -0.029095  0.030523   -0.953236 0.340470
                              max_size_300s_w2  0.001098  0.008498    0.129187 0.897210
                              avg_size_300s_w2  0.013271  0.009665    1.373146 0.169707
                            same_count_300s_w2  0.010033  4.531043    0.002214 0.998233
                             opp_count_300s_w2 -0.036086  4.541731   -0.007946 0.993660
                            total_same_300s_w2  0.041483  0.029312    1.415200 0.157010
                             total_opp_300s_w2  0.010963  0.030090    0.364355 0.715593
                           ret_autocov_80ms_w0  0.008128  0.006932    1.172523 0.240987
                               ret_sum_80ms_w0  0.020516  0.022032    0.931201 0.351749
                       trade_intensity_80ms_w0 -0.003898  0.007308   -0.533348 0.593793
                           ret_autocov_80ms_w1 -0.009514  0.005049   -1.884348 0.059518
                               ret_sum_80ms_w1 -0.009963  0.013985   -0.712407 0.476213
                log1p(trade_intensity_80ms_w1)  0.024133  0.018804    1.283420 0.199345
                           ret_autocov_80ms_w2  0.000266  0.006240    0.042592 0.966027
                               ret_sum_80ms_w2 -0.008422  0.011088   -0.759550 0.447524
                log1p(trade_intensity_80ms_w2)  0.040914  0.019371    2.112154 0.034673
                             ret_autocov_1s_w0  0.005849  0.007071    0.827270 0.408084
                                 ret_sum_1s_w0  0.061535  0.039712    1.549507 0.121260
                         trade_intensity_1s_w0  0.004071  0.005521    0.737399 0.460879
                             ret_autocov_1s_w1  0.003770  0.008367    0.450574 0.652296
                                 ret_sum_1s_w1  0.033211  0.025672    1.293679 0.195776
                  log1p(trade_intensity_1s_w1)  0.001290  0.016335    0.078958 0.937066
                             ret_autocov_1s_w2  0.011054  0.007941    1.391935 0.163942
                                 ret_sum_1s_w2 -0.013093  0.014680   -0.891865 0.372465
                  log1p(trade_intensity_1s_w2) -0.027428  0.016447   -1.667632 0.095389
                             ret_autocov_5s_w0 -0.026317  0.014633   -1.798503 0.072097
                                 ret_sum_5s_w0 -0.028800  0.045791   -0.628939 0.529389
                         trade_intensity_5s_w0  0.042679  0.034590    1.233886 0.217246
                             ret_autocov_5s_w1  0.005500  0.009473    0.580618 0.561498
                                 ret_sum_5s_w1  0.035568  0.037907    0.938297 0.348092
                         trade_intensity_5s_w1 -0.041015  0.049967   -0.820847 0.411733
                             ret_autocov_5s_w2  0.002372  0.010062    0.235721 0.813650
                                 ret_sum_5s_w2 -0.014763  0.015536   -0.950274 0.341973
                         trade_intensity_5s_w2  0.018800  0.022737    0.826867 0.408312
                            ret_autocov_30s_w0 -0.010652  0.016190   -0.657930 0.510583
                                ret_sum_30s_w0  0.045533  0.047172    0.965245 0.334422
                        trade_intensity_30s_w0  0.018011  1.333224    0.013509 0.989222
                            ret_autocov_30s_w1 -0.002520  0.008909   -0.282900 0.777254
                                ret_sum_30s_w1 -0.031777  0.036096   -0.880367 0.378660
                        trade_intensity_30s_w1 -0.042011  1.116880   -0.037614 0.969995
                            ret_autocov_30s_w2 -0.005946  0.007788   -0.763475 0.445180
                                ret_sum_30s_w2 -0.053732  0.028173   -1.907222 0.056492
                        trade_intensity_30s_w2 -0.026757  1.111812   -0.024066 0.980800
                           ret_autocov_300s_w0  0.002773  0.012581    0.220382 0.825574
                               ret_sum_300s_w0  0.039788  0.043131    0.922479 0.356279
                       trade_intensity_300s_w0 -0.046197 11.113091   -0.004157 0.996683
                           ret_autocov_300s_w1 -0.016077  0.009729   -1.652527 0.098427
                               ret_sum_300s_w1  0.013882  0.031675    0.438270 0.661191
                       trade_intensity_300s_w1  0.025964  8.844976    0.002935 0.997658
                           ret_autocov_300s_w2 -0.001468  0.007733   -0.189846 0.849430
                               ret_sum_300s_w2 -0.029862  0.021301   -1.401887 0.160949
                       trade_intensity_300s_w2 -0.008767  8.996291   -0.000974 0.999222
                                  top_near_liq  0.049358  0.010645    4.636743 0.000004
                                   top_opp_liq -0.062986  0.011724   -5.372365 0.000000
                                  ob_near_half -0.098460  0.011710   -8.407885 0.000000
                                     totb_mean -0.002869  0.006699   -0.428274 0.668452
                                    log1p(age)  0.092162  0.007201   12.797570 0.000000
                                    is_weekend -0.012882  0.007324   -1.758884 0.078597
  opp_count_80ms_w0 * log1p(total_opp_80ms_w0)  0.019592  0.017234    1.136858 0.255598
       top_near_liq * log1p(total_opp_80ms_w0)  0.029934  0.009893    3.025870 0.002479
                ob_near_half * opp_count_1s_w0  0.027247  0.011191    2.434743 0.014902
            ret_vwap_80ms_w1 * opp_count_1s_w0 -0.005706  0.007939   -0.718677 0.472340
    log1p(amplitude_80ms_w0) * amplitude_1s_w0  0.039917  0.013188    3.026859 0.002471
log1p(amplitude_80ms_w0) * ret_autocov_300s_w1  0.000258  0.008900    0.029015 0.976853

Shadow consistency backtest (validation-stage selected threshold on test days):
 threshold_quantile  threshold  Sharpe1H365  Sortino1H365  ReturnPct  AnnualReturnPct  MaxDrawdownPct  ReturnOverMDD  DailyTrades  DailyTradingValuePct  MaxPositionValue  roundtrip_count  valid_for_selection
           0.990000   0.141804   -10.831982    -12.203728  -0.013631        -5.191708        0.023988      -0.568247     2.086957              2.065793         84.157450                1                 True

Applied refit-period threshold for test: logistic=0.153827494085

Test balanced-inventory backtest (Logistic, selected threshold, refit on pre-test window):
 threshold_quantile  threshold  Sharpe1H365  Sortino1H365  ReturnPct  AnnualReturnPct  MaxDrawdownPct  ReturnOverMDD  DailyTrades  DailyTradingValuePct  MaxPositionValue  roundtrip_count  valid_for_selection
           0.990000   0.153827   -14.316700    -15.951016  -0.013503        -5.142740        0.020229      -0.667482     4.173913              4.064644         82.906550                2                 True
