Fill surface OLS:
  R^2 = 0.876624
       term      coef  std_err  p_value
      const  0.528256 0.001478 0.000000
q_near_norm  0.047936 0.003959 0.000000
 q_opp_norm -0.014678 0.003962 0.000213
  imbalance -0.399619 0.003163 0.000000

Fill-probability gates:
                   name  threshold  selected_quantile  total_count  kept_count  kept_share  min_count_floor  kept_fill_count  min_fill_floor  floor_met
     dataset_gate_train   0.805958           0.800000      1457256      291452    0.200001              250    244144.000000       25.000000       True
trading_gate_validation   0.860142           0.980000     30240000      604801    0.020000              250              NaN             NaN       True
     dataset_gate_refit   0.808037           0.800000      1439543      291720    0.202648              250    244135.000000       25.000000       True
      trading_gate_test   0.860693           0.980000     30240000      604800    0.020000              250              NaN             NaN       True

Logistic train / validation / test metrics:
     split  n_orders  pos_rate  roc_auc  avg_precision  log_loss    brier  accuracy@0.5
     train    291452  0.091243 0.576880       0.118139  0.302311 0.082390      0.908760
validation     49187  0.081383 0.574183       0.102944  0.280024 0.074501      0.918474
      test     31638  0.074088 0.566354       0.092143  0.262543 0.068406      0.925912

Validation balanced-inventory backtest (Logistic):
 threshold_quantile  threshold  Sharpe1H365  Sortino1H365  ReturnPct  AnnualReturnPct  MaxDrawdownPct  ReturnOverMDD  DailyTrades  DailyTradingValuePct  MaxPositionValue  roundtrip_count  valid_for_selection
           0.800000   0.098957     6.269213     12.339740   0.011698         2.180235        0.012818       0.912615   174.638298            171.280617         93.264950              171                 True
           0.850000   0.103691    17.882501     33.815707   0.022759         4.241861        0.012017       1.893827   115.914894            113.706463         93.264950              113                 True
           0.855000   0.104203    20.642865     39.206737   0.026586         4.955086        0.011907       2.232700   108.255319            106.231259         93.264950              106                 True
           0.900000   0.110505   -11.248593    -14.006312  -0.012789        -2.383572        0.022378      -0.571477    71.489362             70.225269         93.264950               70                 True
           0.900000   0.110505   -11.248593    -14.006312  -0.012789        -2.383572        0.022378      -0.571477    71.489362             70.225269         93.264950               70                 True
           0.935000   0.118637    -1.106682     -1.726022  -0.001324        -0.246779        0.018286      -0.072408    42.382979             41.661373         93.264950               41                 True
           0.950000   0.123769    12.432532     22.564921   0.016602         3.094291        0.015989       1.038311    28.085106             27.611072         93.200250               27                 True
           0.950000   0.123769    12.432532     22.564921   0.016602         3.094291        0.015989       1.038311    28.085106             27.611072         93.200250               27                 True
           0.975000   0.137068    -6.177245     -7.664733  -0.007611        -1.418638        0.017233      -0.441664    15.829787             15.600202         93.200250               15                 True
           0.980000   0.141016    -6.258649     -7.670133  -0.008412        -1.567916        0.019486      -0.431708    10.723404             10.551621         93.264950               10                 True
           0.985000   0.145496    29.401781     58.163913   0.039925         7.441316        0.007432       5.372328     8.170213              8.019696         93.200250                8                 True
           0.987000   0.147817    28.010316     53.344964   0.039314         7.327437        0.007432       5.290112     7.148936              7.005379         93.264950                7                 True
           0.990000   0.152312     9.674088     13.416488   0.009662         1.800768        0.007432       1.300081     5.617021              5.498266         93.264950                5                 True
           1.000000   0.972363          NaN           NaN   0.000000         0.000000        0.000000            NaN     0.000000              0.000000          0.000000                0                False

Validation score-grid thresholds: (0.098957449198, 0.103690554947, 0.104203453772, 0.11050484553, 0.11050484553, 0.118636676408, 0.12376931794, 0.12376931794, 0.137067552283, 0.141015644372, 0.145496031567, 0.14781656675, 0.152312406152, 0.972363114357)

Selected threshold quantile: logistic=0.987, validation_threshold=0.14781656675

Shadow consistency threshold sweep (validation-stage model/gates on test days):
 threshold_quantile  threshold  Sharpe1H365  Sortino1H365  ReturnPct  AnnualReturnPct  MaxDrawdownPct  ReturnOverMDD  DailyTrades  DailyTradingValuePct  MaxPositionValue  roundtrip_count  valid_for_selection
           0.800000   0.098957   -31.618982    -32.235050  -0.055166       -21.011065        0.063588      -0.867555   138.782609            140.223130         90.237150               66                 True
           0.850000   0.103691   -10.728786    -12.326075  -0.020802        -7.922706        0.054833      -0.379364   111.652174            112.857907         90.237150               53                 True
           0.855000   0.104203   -13.038977    -14.598331  -0.024678        -9.398992        0.054997      -0.448708   109.565217            110.754092         90.237150               52                 True
           0.900000   0.110505    -9.447643    -10.572605  -0.018645        -7.101382        0.051664      -0.360894    82.434783             83.337660         90.321950               39                 True
           0.900000   0.110505    -9.447643    -10.572605  -0.018645        -7.101382        0.051664      -0.360894    82.434783             83.337660         90.321950               39                 True
           0.935000   0.118637   -10.311376    -11.067463  -0.018849        -7.178889        0.045547      -0.413833    57.391304             58.030059         90.321950               27                 True
           0.950000   0.123769   -18.726878    -20.301085  -0.031193       -11.880529        0.052146      -0.598189    45.913043             46.416627         90.321950               22                 True
           0.950000   0.123769   -18.726878    -20.301085  -0.031193       -11.880529        0.052146      -0.598189    45.913043             46.416627         90.321950               22                 True
           0.975000   0.137068    26.515577     52.233675   0.028604        10.894552        0.008809       3.247015    21.913043             22.173425         90.321950               10                 True
           0.980000   0.141016    16.359639     20.595039   0.032493        12.375430        0.030261       1.073740    18.782609             19.015752         90.237150                9                 True
           0.985000   0.145496    13.970479     17.573869   0.027743        10.566471        0.030261       0.916788    12.521739             12.684403         90.237150                6                 True
           0.987000   0.147817    34.805221     78.485528   0.023673         9.016390        0.005377       4.402455    10.434783             10.574479         90.203750                5                 True
           0.990000   0.152312     8.134445     11.075735   0.017752         6.761114        0.030261       0.586620     6.260870              6.349302         90.321950                3                 True
           1.000000   0.972363          NaN           NaN   0.000000         0.000000        0.000000            NaN     0.000000              0.000000          0.000000                0                False

Test balanced-inventory threshold sweep (Logistic, refit on pre-test window):
 threshold_quantile  threshold  Sharpe1H365  Sortino1H365  ReturnPct  AnnualReturnPct  MaxDrawdownPct  ReturnOverMDD  DailyTrades  DailyTradingValuePct  MaxPositionValue  roundtrip_count  valid_for_selection
           0.800000   0.103182   -16.192138    -17.813307  -0.032812       -12.497188        0.051424      -0.638068   113.739130            114.930776         90.321950               54                 True
           0.850000   0.108600     2.572313      2.979519   0.004787         1.823359        0.038318       0.124938    97.043478             98.120787         90.321950               46                 True
           0.855000   0.109244     4.076769      4.743479   0.007612         2.899311        0.038318       0.198663    97.043478             98.121383         90.321950               46                 True
           0.900000   0.116603    -3.321634     -3.892826  -0.006660        -2.536583        0.046892      -0.142027    57.391304             58.069545         90.237150               27                 True
           0.900000   0.116603    -3.321634     -3.892826  -0.006660        -2.536583        0.046892      -0.142027    57.391304             58.069545         90.237150               27                 True
           0.935000   0.125575     5.348382      7.402337   0.007353         2.800510        0.025600       0.287219    35.478261             35.895408         90.203750               17                 True
           0.950000   0.131337     2.284987      2.726344   0.004371         1.664908        0.032885       0.132927    27.130435             27.455600         90.237150               13                 True
           0.950000   0.131337     2.284987      2.726344   0.004371         1.664908        0.032885       0.132927    27.130435             27.455600         90.237150               13                 True
           0.975000   0.145873    11.090121     13.897463   0.021908         8.344240        0.030261       0.723978    10.434783             10.576859         90.237150                5                 True
           0.980000   0.150519    13.899296     17.549968   0.027659        10.534362        0.030261       0.914002    10.434783             10.570859         90.237150                5                 True
           0.985000   0.156323     9.184077     11.531130   0.018417         7.014569        0.030261       0.608611     8.347826              8.455541         90.237150                4                 True
           0.987000   0.159673     3.122922      3.876999   0.006277         2.390775        0.030261       0.207433     6.260870              6.361009         90.237150                3                 True
           0.990000   0.165391     5.862725      7.298479   0.011664         4.442587        0.030261       0.385456     6.260870              6.355388         90.237150                3                 True
           1.000000   0.877452          NaN           NaN   0.000000         0.000000        0.000000            NaN     0.000000              0.000000          0.000000                0                False

Logistic coefficients (refit on pre-test window):
                                          term      coef  std_err     z_value  p_value
                                         const -2.373491 0.006739 -352.193904 0.000000
                                     stdev_100  0.000435 0.028359    0.015327 0.987771
                                     stdev_500 -0.006722 0.012636   -0.531946 0.594763
                      log1p(amplitude_80ms_w0) -0.039269 0.021598   -1.818156 0.069040
                              ret_vwap_80ms_w0  0.023942 0.014477    1.653819 0.098164
                      log1p(amplitude_80ms_w1)  0.008272 0.018359    0.450573 0.652297
                              ret_vwap_80ms_w1 -0.006042 0.014713   -0.410644 0.681334
                      log1p(amplitude_80ms_w2)  0.005213 0.016842    0.309488 0.756950
                              ret_vwap_80ms_w2 -0.012995 0.012877   -1.009149 0.312903
                               amplitude_1s_w0 -0.053000 0.020806   -2.547309 0.010856
                                ret_vwap_1s_w0  0.053912 0.018032    2.989855 0.002791
                        log1p(amplitude_1s_w1) -0.034986 0.015790   -2.215651 0.026715
                                ret_vwap_1s_w1  0.026943 0.029431    0.915464 0.359948
                        log1p(amplitude_1s_w2) -0.026280 0.015578   -1.686967 0.091610
                                ret_vwap_1s_w2  0.030877 0.036450    0.847100 0.396940
                               amplitude_5s_w0 -0.002799 0.018768   -0.149112 0.881465
                                ret_vwap_5s_w0 -0.012922 0.020309   -0.636269 0.524601
                               amplitude_5s_w1 -0.039329 0.017911   -2.195852 0.028103
                                ret_vwap_5s_w1 -0.023003 0.032553   -0.706623 0.479801
                               amplitude_5s_w2  0.018335 0.018688    0.981125 0.326531
                                ret_vwap_5s_w2  0.019920 0.043288    0.460180 0.645387
                              amplitude_30s_w0 -0.005433 0.017193   -0.315999 0.752004
                               ret_vwap_30s_w0 -0.018681 0.020676   -0.903549 0.366235
                              amplitude_30s_w1 -0.028194 0.015764   -1.788534 0.073690
                               ret_vwap_30s_w1  0.006912 0.029907    0.231126 0.817217
                              amplitude_30s_w2  0.005265 0.015471    0.340296 0.733634
                               ret_vwap_30s_w2 -0.051978 0.040215   -1.292508 0.196181
                             amplitude_300s_w0  0.058307 0.017474    3.336732 0.000848
                              ret_vwap_300s_w0  0.014489 0.016884    0.858174 0.390796
                             amplitude_300s_w1  0.019474 0.016519    1.178902 0.238437
                              ret_vwap_300s_w1 -0.012234 0.027821   -0.439716 0.660143
                             amplitude_300s_w2 -0.021925 0.015950   -1.374577 0.169263
                              ret_vwap_300s_w2 -0.011742 0.037006   -0.317299 0.751017
                       log1p(max_size_80ms_w0)  0.040458 0.024736    1.635594 0.101925
                       log1p(avg_size_80ms_w0)  0.031882 0.011664    2.733481 0.006267
                     log1p(same_count_80ms_w0)  0.040858 0.010436    3.915245 0.000090
                             opp_count_80ms_w0  0.025282 0.032952    0.767221 0.442950
                     log1p(total_same_80ms_w0) -0.026992 0.012286   -2.196869 0.028030
                      log1p(total_opp_80ms_w0) -0.096539 0.026775   -3.605618 0.000311
                       log1p(max_size_80ms_w1)  0.034504 0.023499    1.468311 0.142020
                       log1p(avg_size_80ms_w1) -0.009814 0.010289   -0.953838 0.340166
                     log1p(same_count_80ms_w1) -0.002140 0.011375   -0.188143 0.850764
                      log1p(opp_count_80ms_w1) -0.025127 0.025563   -0.982926 0.325644
                     log1p(total_same_80ms_w1)  0.004502 0.012188    0.369363 0.711857
                      log1p(total_opp_80ms_w1) -0.002179 0.024111   -0.090377 0.927988
                       log1p(max_size_80ms_w2) -0.013253 0.024024   -0.551645 0.581192
                       log1p(avg_size_80ms_w2)  0.010704 0.010284    1.040839 0.297950
                     log1p(same_count_80ms_w2)  0.018133 0.012510    1.449494 0.147200
                      log1p(opp_count_80ms_w2) -0.027298 0.024096   -1.132891 0.257260
                     log1p(total_same_80ms_w2) -0.004078 0.013192   -0.309109 0.757239
                      log1p(total_opp_80ms_w2)  0.037064 0.023253    1.593903 0.110958
                                max_size_1s_w0 -0.008995 0.010136   -0.887462 0.374830
                                avg_size_1s_w0 -0.030788 0.010314   -2.984981 0.002836
                       log1p(same_count_1s_w0) -0.057702 0.016666   -3.462343 0.000535
                               opp_count_1s_w0  0.084817 0.027912    3.038734 0.002376
                       log1p(total_same_1s_w0)  0.021682 0.015456    1.402852 0.160661
                        log1p(total_opp_1s_w0) -0.018093 0.015862   -1.140647 0.254017
                         log1p(max_size_1s_w1) -0.014545 0.017862   -0.814292 0.415478
                                avg_size_1s_w1  0.001239 0.008077    0.153373 0.878104
                       log1p(same_count_1s_w1) -0.002187 0.018074   -0.120979 0.903708
                        log1p(opp_count_1s_w1) -0.006281 0.018759   -0.334828 0.737755
                       log1p(total_same_1s_w1)  0.030489 0.017306    1.761750 0.078112
                        log1p(total_opp_1s_w1)  0.036103 0.018225    1.981016 0.047590
                         log1p(max_size_1s_w2) -0.013577 0.018236   -0.744518 0.456563
                                avg_size_1s_w2  0.004726 0.008285    0.570436 0.568382
                       log1p(same_count_1s_w2)  0.024890 0.018502    1.345314 0.178524
                        log1p(opp_count_1s_w2) -0.026597 0.017982   -1.479106 0.139112
                       log1p(total_same_1s_w2)  0.029410 0.017776    1.654481 0.098030
                        log1p(total_opp_1s_w2)  0.009140 0.017895    0.510740 0.609533
                                max_size_5s_w0  0.009805 0.010645    0.921153 0.356971
                                avg_size_5s_w0  0.030947 0.011342    2.728561 0.006361
                       log1p(same_count_5s_w0)  0.022065 0.025076    0.879950 0.378886
                               opp_count_5s_w0  0.036160 0.057714    0.626537 0.530963
                       log1p(total_same_5s_w0) -0.020081 0.023457   -0.856077 0.391955
                               total_opp_5s_w0 -0.042404 0.017965   -2.360394 0.018256
                                max_size_5s_w1  0.007828 0.008489    0.922116 0.356468
                                avg_size_5s_w1  0.012586 0.009466    1.329547 0.183667
                       log1p(same_count_5s_w1)  0.029994 0.019493    1.538671 0.123885
                               opp_count_5s_w1  0.000161 0.047328    0.003400 0.997287
                       log1p(total_same_5s_w1) -0.007582 0.019157   -0.395804 0.692249
                        log1p(total_opp_5s_w1) -0.015699 0.013470   -1.165473 0.243828
                                max_size_5s_w2 -0.014622 0.011567   -1.264100 0.206194
                                avg_size_5s_w2 -0.010671 0.009874   -1.080706 0.279828
                       log1p(same_count_5s_w2)  0.050323 0.019084    2.636917 0.008366
                               opp_count_5s_w2  0.115923 0.049581    2.338058 0.019384
                       log1p(total_same_5s_w2)  0.025020 0.019414    1.288774 0.197477
                        log1p(total_opp_5s_w2)  0.019076 0.013602    1.402489 0.160769
                               max_size_30s_w0  0.001400 0.012969    0.107982 0.914010
                               avg_size_30s_w0  0.002395 0.013796    0.173570 0.862203
                             same_count_30s_w0  0.063223 0.536908    0.117753 0.906263
                              opp_count_30s_w0 -0.014851 0.528368   -0.028108 0.977576
                      log1p(total_same_30s_w0) -0.070798 0.020659   -3.426922 0.000610
                              total_opp_30s_w0 -0.006878 0.022690   -0.303146 0.761778
                               max_size_30s_w1 -0.017498 0.009342   -1.872979 0.061071
                               avg_size_30s_w1  0.037423 0.010271    3.643477 0.000269
                             same_count_30s_w1 -0.030443 0.354649   -0.085840 0.931594
                              opp_count_30s_w1  0.105445 0.350914    0.300486 0.763807
                      log1p(total_same_30s_w1) -0.055128 0.015502   -3.556186 0.000376
                              total_opp_30s_w1 -0.024003 0.019528   -1.229155 0.219014
                               max_size_30s_w2 -0.011489 0.009076   -1.265867 0.205561
                               avg_size_30s_w2  0.014036 0.010215    1.374160 0.169392
                             same_count_30s_w2 -0.006572 0.270766   -0.024271 0.980636
                              opp_count_30s_w2  0.016316 0.273673    0.059617 0.952461
                      log1p(total_same_30s_w2) -0.020707 0.015214   -1.361007 0.173512
                              total_opp_30s_w2  0.014906 0.020050    0.743416 0.457230
                              max_size_300s_w0  0.011454 0.010098    1.134260 0.256685
                              avg_size_300s_w0 -0.025965 0.013475   -1.926851 0.053998
                            same_count_300s_w0 -0.203500 2.660463   -0.076490 0.939029
                             opp_count_300s_w0  0.078760 2.653587    0.029681 0.976322
                            total_same_300s_w0  0.057832 0.027882    2.074143 0.038066
                             total_opp_300s_w0  0.071829 0.034244    2.097554 0.035945
                              max_size_300s_w1 -0.004156 0.008436   -0.492580 0.622309
                              avg_size_300s_w1  0.019373 0.010517    1.842049 0.065468
                            same_count_300s_w1 -0.076593 1.703779   -0.044955 0.964143
                             opp_count_300s_w1  0.054367 1.695299    0.032069 0.974417
                            total_same_300s_w1 -0.005328 0.028892   -0.184415 0.853688
                             total_opp_300s_w1  0.010215 0.028762    0.355164 0.722466
                              max_size_300s_w2 -0.001105 0.008494   -0.130089 0.896496
                              avg_size_300s_w2  0.010467 0.010225    1.023672 0.305990
                            same_count_300s_w2 -0.020112 1.680772   -0.011966 0.990453
                             opp_count_300s_w2  0.030433 1.685154    0.018059 0.985592
                            total_same_300s_w2  0.006491 0.026476    0.245181 0.806317
                             total_opp_300s_w2 -0.000465 0.027655   -0.016805 0.986592
                           ret_autocov_80ms_w0 -0.003566 0.006357   -0.560931 0.574844
                               ret_sum_80ms_w0  0.012721 0.021597    0.589002 0.555860
                log1p(trade_intensity_80ms_w0) -0.017998 0.009646   -1.865811 0.062068
                           ret_autocov_80ms_w1 -0.004090 0.006059   -0.675020 0.499663
                               ret_sum_80ms_w1 -0.026327 0.013643   -1.929688 0.053645
                log1p(trade_intensity_80ms_w1)  0.014123 0.018481    0.764168 0.444767
                           ret_autocov_80ms_w2  0.009351 0.008171    1.144429 0.252446
                               ret_sum_80ms_w2 -0.022444 0.011939   -1.879796 0.060136
                log1p(trade_intensity_80ms_w2) -0.000706 0.018979   -0.037203 0.970323
                             ret_autocov_1s_w0  0.001664 0.009647    0.172487 0.863055
                                 ret_sum_1s_w0  0.132021 0.040232    3.281502 0.001033
                         trade_intensity_1s_w0  0.001344 0.006096    0.220489 0.825490
                             ret_autocov_1s_w1 -0.007962 0.009501   -0.838063 0.401995
                                 ret_sum_1s_w1  0.026097 0.025951    1.005608 0.314604
                  log1p(trade_intensity_1s_w1)  0.004655 0.016789    0.277240 0.781596
                             ret_autocov_1s_w2  0.001659 0.008867    0.187053 0.851619
                                 ret_sum_1s_w2 -0.014662 0.014491   -1.011829 0.311620
                  log1p(trade_intensity_1s_w2)  0.007020 0.016565    0.423813 0.671702
                             ret_autocov_5s_w0 -0.012026 0.014550   -0.826555 0.408489
                                 ret_sum_5s_w0 -0.024871 0.050110   -0.496334 0.619659
                         trade_intensity_5s_w0  0.004074 0.049621    0.082099 0.934568
                             ret_autocov_5s_w1 -0.016839 0.007572   -2.223842 0.026159
                                 ret_sum_5s_w1 -0.018864 0.038373   -0.491608 0.622997
                         trade_intensity_5s_w1  0.014121 0.047760    0.295660 0.767490
                             ret_autocov_5s_w2 -0.007487 0.009542   -0.784640 0.432665
                                 ret_sum_5s_w2  0.022687 0.029110    0.779350 0.435773
                         trade_intensity_5s_w2 -0.185985 0.052089   -3.570509 0.000356
                            ret_autocov_30s_w0  0.012188 0.014369    0.848166 0.396346
                                ret_sum_30s_w0 -0.064198 0.048172   -1.332684 0.182636
                        trade_intensity_30s_w0  0.010169 0.999770    0.010171 0.991885
                            ret_autocov_30s_w1 -0.003216 0.009294   -0.346021 0.729327
                                ret_sum_30s_w1 -0.002943 0.036007   -0.081739 0.934855
                        trade_intensity_30s_w1  0.003751 0.663692    0.005652 0.995490
                            ret_autocov_30s_w2 -0.001605 0.008827   -0.181856 0.855696
                                ret_sum_30s_w2  0.000972 0.028679    0.033906 0.972952
                        trade_intensity_30s_w2 -0.036747 0.510246   -0.072017 0.942588
                           ret_autocov_300s_w0  0.019315 0.012007    1.608678 0.107687
                               ret_sum_300s_w0 -0.004063 0.042724   -0.095097 0.924238
                       trade_intensity_300s_w0 -0.053364 5.254299   -0.010156 0.991897
                           ret_autocov_300s_w1 -0.025619 0.009611   -2.665746 0.007682
                               ret_sum_300s_w1 -0.024850 0.030037   -0.827321 0.408055
                       trade_intensity_300s_w1 -0.010728 3.362902   -0.003190 0.997455
                           ret_autocov_300s_w2 -0.003512 0.008434   -0.416406 0.677113
                               ret_sum_300s_w2 -0.011276 0.018891   -0.596898 0.550576
                       trade_intensity_300s_w2  0.013689 3.331181    0.004109 0.996721
                                  top_near_liq  0.035492 0.011244    3.156566 0.001596
                                   top_opp_liq -0.093434 0.014019   -6.664858 0.000000
                                  ob_near_half -0.126662 0.012444  -10.178798 0.000000
                                     totb_mean -0.002839 0.007165   -0.396198 0.691959
                                    log1p(age)  0.094344 0.008032   11.746034 0.000000
                                    is_weekend -0.033219 0.007986   -4.159596 0.000032
  opp_count_80ms_w0 * log1p(total_opp_80ms_w0)  0.005593 0.019963    0.280161 0.779354
       top_near_liq * log1p(total_opp_80ms_w0)  0.049069 0.011075    4.430677 0.000009
                ob_near_half * opp_count_1s_w0  0.016275 0.012496    1.302425 0.192771
            ret_vwap_80ms_w1 * opp_count_1s_w0  0.003282 0.008436    0.389042 0.697245
    log1p(amplitude_80ms_w0) * amplitude_1s_w0  0.024290 0.014459    1.679862 0.092984
log1p(amplitude_80ms_w0) * ret_autocov_300s_w1  0.012318 0.009339    1.318975 0.187177

Shadow consistency backtest (validation-stage selected threshold on test days):
 threshold_quantile  threshold  Sharpe1H365  Sortino1H365  ReturnPct  AnnualReturnPct  MaxDrawdownPct  ReturnOverMDD  DailyTrades  DailyTradingValuePct  MaxPositionValue  roundtrip_count  valid_for_selection
           0.987000   0.147817    34.805221     78.485528   0.023673         9.016390        0.005377       4.402455    10.434783             10.574479         90.203750                5                 True

Applied refit-period threshold for test: logistic=0.159673389792

Test balanced-inventory backtest (Logistic, selected threshold, refit on pre-test window):
 threshold_quantile  threshold  Sharpe1H365  Sortino1H365  ReturnPct  AnnualReturnPct  MaxDrawdownPct  ReturnOverMDD  DailyTrades  DailyTradingValuePct  MaxPositionValue  roundtrip_count  valid_for_selection
           0.987000   0.159673     3.122922      3.876999   0.006277         2.390775        0.030261       0.207433     6.260870              6.361009         90.237150                3                 True
