Fill surface OLS:
  R^2 = 0.896930
       term      coef  std_err  p_value
      const  0.528510 0.001336 0.000000
q_near_norm  0.039935 0.003577 0.000000
 q_opp_norm -0.007893 0.003580 0.027485
  imbalance -0.393802 0.002858 0.000000

Fill-probability gates:
                   name  threshold  selected_quantile  total_count  kept_count  kept_share  min_count_floor  kept_fill_count  min_fill_floor  floor_met
     dataset_gate_train   0.802231           0.800000      1446708      289342    0.200000              250    242459.000000       25.000000       True
trading_gate_validation   0.859138           0.980000     30240000      604801    0.020000              250              NaN             NaN       True
     dataset_gate_refit   0.805190           0.800000      1505841      301451    0.200188              250    252281.000000       25.000000       True
      trading_gate_test   0.858462           0.980000     30240002      626688    0.020724              250              NaN             NaN       True

Logistic train / validation / test metrics:
     split  n_orders  pos_rate  roc_auc  avg_precision  log_loss    brier  accuracy@0.5
     train    289342  0.093958 0.573288       0.119574  0.308700 0.084627      0.906042
validation     45767  0.088492 0.573858       0.114126  0.296283 0.080201      0.911508
      test      5901  0.096255 0.595552       0.130152  0.312762 0.086316      0.903745

Validation balanced-inventory backtest (Logistic):
 threshold_quantile  threshold  Sharpe1H365  Sortino1H365  ReturnPct  AnnualReturnPct  MaxDrawdownPct  ReturnOverMDD  DailyTrades  DailyTradingValuePct  MaxPositionValue  roundtrip_count  valid_for_selection
           0.800000   0.107276    16.557891     31.094995   0.023068         4.299390        0.009505       2.426895   223.148936            220.517949         96.993850              218                 True
           0.850000   0.112319     1.333792      1.966669   0.001923         0.358460        0.020278       0.094843   155.744681            153.887862         96.993850              152                 True
           0.855000   0.112891    -0.979128     -1.385877  -0.001300        -0.242323        0.020967      -0.062010   150.638298            148.842891         96.993850              147                 True
           0.900000   0.119407   -17.522044    -22.376609  -0.019276        -3.592657        0.025687      -0.750396    97.021277             95.857029         96.931350               95                 True
           0.900000   0.119407   -17.522044    -22.376609  -0.019276        -3.592657        0.025687      -0.750396    97.021277             95.857029         96.931350               95                 True
           0.935000   0.127003   -14.220902    -17.921391  -0.014876        -2.772701        0.025233      -0.589566    51.574468             50.952897         96.993850               50                 True
           0.950000   0.131480    -0.808552     -1.117083  -0.000917        -0.170836        0.018334      -0.049993    36.765957             36.321425         96.993850               36                 True
           0.950000   0.131480    -0.808552     -1.117083  -0.000917        -0.170836        0.018334      -0.049993    36.765957             36.321425         96.993850               36                 True
           0.975000   0.142966     7.260100     10.953470   0.007839         1.461081        0.013811       0.567621    19.404255             19.145993         96.993850               19                 True
           0.980000   0.146447    -0.854438     -1.187418  -0.001250        -0.232950        0.018297      -0.068310    14.297872             14.109088         96.993850               14                 True
           0.985000   0.151253     3.320428      4.894110   0.003302         0.615517        0.011086       0.297888    12.255319             12.091174         96.297250               12                 True
           0.987000   0.153544     1.997660      2.886063   0.001892         0.352587        0.012252       0.154404     9.191489              9.065772         96.375050                9                 True
           0.990000   0.157906     6.202170      9.008439   0.005823         1.085393        0.011086       0.525292     7.148936              7.054461         96.375050                7                 True
           1.000000   0.496384          NaN           NaN   0.000000         0.000000        0.000000            NaN     0.000000              0.000000          0.000000                0                False

Validation score-grid thresholds: (0.107276409864, 0.112318736315, 0.112890509963, 0.119406954944, 0.119406954944, 0.127003214955, 0.131479617953, 0.131479617953, 0.14296630621, 0.146447046399, 0.151252897382, 0.153543604732, 0.157906371355, 0.496383875608)

Selected threshold quantile: logistic=0.985, validation_threshold=0.151252897382

Shadow consistency threshold sweep (validation-stage model/gates on test days):
 threshold_quantile  threshold  Sharpe1H365  Sortino1H365  ReturnPct  AnnualReturnPct  MaxDrawdownPct  ReturnOverMDD  DailyTrades  DailyTradingValuePct  MaxPositionValue  roundtrip_count  valid_for_selection
           0.800000   0.107276     7.191363     10.214850   0.001688         0.642986        0.002644       0.638585   224.347826            223.806860         95.528950              107                 True
           0.850000   0.112319    -0.017430     -0.023220  -0.000003        -0.001291        0.003171      -0.001069   188.869565            188.416163         95.528950               90                 True
           0.855000   0.112891    -0.618251     -0.828953  -0.000122        -0.046485        0.003337      -0.036570   186.782609            186.333137         95.528950               89                 True
           0.900000   0.119407     6.178811      8.260141   0.001426         0.542991        0.003821       0.373113   158.608696            158.230561         95.528950               76                 True
           0.900000   0.119407     6.178811      8.260141   0.001426         0.542991        0.003821       0.373113   158.608696            158.230561         95.528950               76                 True
           0.935000   0.127003    13.665322     19.560105   0.003351         1.276222        0.004702       0.712634   111.652174            111.387460         95.528950               53                 True
           0.950000   0.131480    -6.467822     -8.415105  -0.001453        -0.553400        0.006193      -0.234604    89.739130             89.528537         95.419950               43                 True
           0.950000   0.131480    -6.467822     -8.415105  -0.001453        -0.553400        0.006193      -0.234604    89.739130             89.528537         95.419950               43                 True
           0.975000   0.142966    20.554214     40.537068   0.005154         1.963145        0.003666       1.405977    62.608696             62.455038         95.528950               30                 True
           0.980000   0.146447    16.121493     27.612775   0.003221         1.226910        0.002072       1.554399    54.260870             54.126655         95.419950               26                 True
           0.985000   0.151253    14.434193     19.263623   0.003299         1.256401        0.002763       1.193804    39.652174             39.550246         95.528950               19                 True
           0.987000   0.153544    17.431979     27.813549   0.002697         1.027171        0.001481       1.820647    33.391304             33.300467         95.419950               16                 True
           0.990000   0.157906    -6.798362    -10.587281  -0.001654        -0.629833        0.003955      -0.418105    21.913043             21.856081         95.528950               10                 True
           1.000000   0.496384          NaN           NaN   0.000000         0.000000        0.000000            NaN     0.000000              0.000000          0.000000                0                False

Test balanced-inventory threshold sweep (Logistic, refit on pre-test window):
 threshold_quantile  threshold  Sharpe1H365  Sortino1H365  ReturnPct  AnnualReturnPct  MaxDrawdownPct  ReturnOverMDD  DailyTrades  DailyTradingValuePct  MaxPositionValue  roundtrip_count  valid_for_selection
           0.800000   0.106718   -37.498230    -37.352449  -0.007585        -2.888810        0.008510      -0.891299   243.130435            242.565586         95.419950              116                 True
           0.850000   0.111935   -17.616050    -22.649191  -0.003957        -1.507018        0.005073      -0.779919   203.478261            202.995206         95.528950               97                 True
           0.855000   0.112550   -16.760746    -21.636318  -0.003780        -1.439624        0.004896      -0.771966   203.478261            202.995021         95.528950               97                 True
           0.900000   0.119414   -14.013820    -18.269518  -0.003526        -1.342830        0.004712      -0.748235   158.608696            158.231535         95.528950               76                 True
           0.900000   0.119414   -14.013820    -18.269518  -0.003526        -1.342830        0.004712      -0.748235   158.608696            158.231535         95.528950               76                 True
           0.935000   0.127335     4.160113      5.450666   0.000971         0.369789        0.003336       0.291026   109.565217            109.291861         95.528950               52                 True
           0.950000   0.132296    -6.431888     -8.061356  -0.001778        -0.677001        0.005412      -0.328432    96.000000             95.757845         95.528950               46                 True
           0.950000   0.132296    -6.431888     -8.061356  -0.001778        -0.677001        0.005412      -0.328432    96.000000             95.757845         95.528950               46                 True
           0.975000   0.144747    -9.049131    -10.714679  -0.002643        -1.006463        0.006511      -0.405846    66.782609             66.626097         95.528950               32                 True
           0.980000   0.148875    16.563632     24.097229   0.004103         1.562832        0.003008       1.364107    56.347826             56.209855         95.384550               27                 True
           0.985000   0.153904    16.365089     23.057625   0.004135         1.574971        0.003118       1.326098    43.826087             43.714531         95.419950               21                 True
           0.987000   0.156302     7.639028     11.308826   0.002069         0.788005        0.004247       0.487179    30.260870             30.191737         95.528950               14                 True
           0.990000   0.161162    12.447229     21.914278   0.002994         1.140388        0.003755       0.797300    26.086957             26.026823         95.528950               12                 True
           1.000000   0.700601          NaN           NaN   0.000000         0.000000        0.000000            NaN     0.000000              0.000000          0.000000                0                False

Logistic coefficients (refit on pre-test window):
                                          term      coef  std_err     z_value  p_value
                                         const -2.323696 0.006477 -358.749339 0.000000
                                     stdev_100 -0.009398 0.025638   -0.366574 0.713937
                                     stdev_500 -0.011220 0.012224   -0.917855 0.358695
                      log1p(amplitude_80ms_w0) -0.025264 0.020710   -1.219936 0.222489
                              ret_vwap_80ms_w0 -0.005198 0.014158   -0.367136 0.713518
                      log1p(amplitude_80ms_w1) -0.001466 0.017472   -0.083893 0.933142
                              ret_vwap_80ms_w1  0.018829 0.014163    1.329393 0.183718
                      log1p(amplitude_80ms_w2)  0.001780 0.016000    0.111239 0.911427
                              ret_vwap_80ms_w2 -0.023651 0.012322   -1.919347 0.054940
                               amplitude_1s_w0 -0.014136 0.019643   -0.719671 0.471728
                                ret_vwap_1s_w0  0.050624 0.017125    2.956206 0.003114
                        log1p(amplitude_1s_w1) -0.057428 0.015086   -3.806624 0.000141
                                ret_vwap_1s_w1  0.052985 0.029362    1.804574 0.071141
                        log1p(amplitude_1s_w2) -0.030589 0.014895   -2.053622 0.040012
                                ret_vwap_1s_w2  0.023178 0.035559    0.651810 0.514523
                               amplitude_5s_w0  0.015487 0.017801    0.870024 0.384287
                                ret_vwap_5s_w0 -0.005244 0.019082   -0.274837 0.783442
                               amplitude_5s_w1 -0.041428 0.017420   -2.378253 0.017395
                                ret_vwap_5s_w1  0.033194 0.031246    1.062330 0.288086
                               amplitude_5s_w2 -0.004928 0.018014   -0.273558 0.784425
                                ret_vwap_5s_w2  0.018597 0.041603    0.447014 0.654865
                              amplitude_30s_w0 -0.019043 0.016650   -1.143726 0.252737
                               ret_vwap_30s_w0 -0.004340 0.019802   -0.219188 0.826504
                              amplitude_30s_w1 -0.044954 0.015416   -2.915989 0.003546
                               ret_vwap_30s_w1  0.020144 0.028781    0.699926 0.483974
                              amplitude_30s_w2  0.007329 0.014832    0.494103 0.621233
                               ret_vwap_30s_w2 -0.049180 0.038460   -1.278725 0.200994
                             amplitude_300s_w0  0.032327 0.016769    1.927843 0.053875
                              ret_vwap_300s_w0  0.012572 0.016791    0.748694 0.454042
                             amplitude_300s_w1  0.016477 0.015773    1.044676 0.296173
                              ret_vwap_300s_w1 -0.033832 0.027677   -1.222420 0.221549
                             amplitude_300s_w2  0.004165 0.014957    0.278497 0.780631
                              ret_vwap_300s_w2  0.026879 0.036779    0.730818 0.464891
                       log1p(max_size_80ms_w0)  0.038580 0.023486    1.642651 0.100455
                       log1p(avg_size_80ms_w0)  0.031810 0.011266    2.823610 0.004749
                     log1p(same_count_80ms_w0)  0.040221 0.010166    3.956336 0.000076
                             opp_count_80ms_w0  0.029322 0.032199    0.910644 0.362483
                     log1p(total_same_80ms_w0) -0.025680 0.011931   -2.152487 0.031359
                      log1p(total_opp_80ms_w0) -0.101791 0.026068   -3.904836 0.000094
                       log1p(max_size_80ms_w1)  0.008380 0.022688    0.369372 0.711850
                       log1p(avg_size_80ms_w1) -0.018114 0.010217   -1.773024 0.076225
                     log1p(same_count_80ms_w1)  0.000524 0.010934    0.047947 0.961758
                      log1p(opp_count_80ms_w1) -0.044807 0.024378   -1.838024 0.066059
                     log1p(total_same_80ms_w1)  0.014550 0.011717    1.241821 0.214303
                      log1p(total_opp_80ms_w1)  0.018324 0.022885    0.800701 0.423304
                       log1p(max_size_80ms_w2) -0.040694 0.022718   -1.791252 0.073253
                       log1p(avg_size_80ms_w2)  0.012381 0.010060    1.230732 0.218423
                     log1p(same_count_80ms_w2)  0.007808 0.012206    0.639663 0.522391
                      log1p(opp_count_80ms_w2) -0.038196 0.022868   -1.670295 0.094861
                     log1p(total_same_80ms_w2)  0.014658 0.012797    1.145444 0.252025
                      log1p(total_opp_80ms_w2)  0.048256 0.021660    2.227877 0.025889
                                max_size_1s_w0  0.003256 0.008515    0.382369 0.702188
                                avg_size_1s_w0 -0.026208 0.009765   -2.683793 0.007279
                       log1p(same_count_1s_w0) -0.047399 0.016172   -2.930867 0.003380
                               opp_count_1s_w0  0.059170 0.026133    2.264237 0.023560
                       log1p(total_same_1s_w0)  0.019875 0.014897    1.334169 0.182149
                        log1p(total_opp_1s_w0)  0.003303 0.015170    0.217709 0.827656
                         log1p(max_size_1s_w1) -0.009682 0.017253   -0.561186 0.574670
                                avg_size_1s_w1 -0.004283 0.008251   -0.519138 0.603664
                       log1p(same_count_1s_w1)  0.016814 0.017552    0.957937 0.338094
                        log1p(opp_count_1s_w1) -0.019633 0.017933   -1.094802 0.273604
                       log1p(total_same_1s_w1)  0.042323 0.016551    2.557065 0.010556
                        log1p(total_opp_1s_w1)  0.047934 0.017357    2.761667 0.005751
                         log1p(max_size_1s_w2) -0.020317 0.017497   -1.161166 0.245574
                                avg_size_1s_w2  0.003675 0.007964    0.461470 0.644462
                       log1p(same_count_1s_w2)  0.008441 0.017842    0.473099 0.636143
                        log1p(opp_count_1s_w2) -0.026545 0.017290   -1.535267 0.124718
                       log1p(total_same_1s_w2)  0.038074 0.017087    2.228174 0.025869
                        log1p(total_opp_1s_w2)  0.021883 0.017108    1.279129 0.200852
                                max_size_5s_w0  0.007216 0.010440    0.691150 0.489471
                                avg_size_5s_w0  0.034012 0.011234    3.027567 0.002465
                       log1p(same_count_5s_w0)  0.041036 0.024359    1.684638 0.092058
                               opp_count_5s_w0  0.046032 0.054034    0.851925 0.394256
                       log1p(total_same_5s_w0) -0.050288 0.022834   -2.202339 0.027641
                               total_opp_5s_w0 -0.047624 0.016411   -2.902006 0.003708
                                max_size_5s_w1 -0.000840 0.009369   -0.089629 0.928582
                                avg_size_5s_w1  0.021869 0.009209    2.374885 0.017554
                       log1p(same_count_5s_w1)  0.059133 0.018973    3.116773 0.001828
                               opp_count_5s_w1  0.010653 0.045256    0.235386 0.813909
                       log1p(total_same_5s_w1) -0.021631 0.018552   -1.165928 0.243643
                        log1p(total_opp_5s_w1) -0.007694 0.013075   -0.588470 0.556217
                                max_size_5s_w2 -0.002867 0.010364   -0.276657 0.782044
                                avg_size_5s_w2  0.007593 0.009272    0.818899 0.412844
                       log1p(same_count_5s_w2)  0.044754 0.018515    2.417181 0.015641
                               opp_count_5s_w2  0.012976 0.046326    0.280097 0.779403
                       log1p(total_same_5s_w2) -0.010363 0.018495   -0.560332 0.575253
                        log1p(total_opp_5s_w2)  0.000335 0.012984    0.025801 0.979416
                               max_size_30s_w0 -0.015593 0.013089   -1.191296 0.233538
                               avg_size_30s_w0  0.015123 0.013100    1.154465 0.248309
                             same_count_30s_w0  0.044617 0.509189    0.087625 0.930175
                              opp_count_30s_w0 -0.012528 0.499729   -0.025069 0.980000
                      log1p(total_same_30s_w0) -0.037887 0.020051   -1.889548 0.058818
                              total_opp_30s_w0 -0.024314 0.022547   -1.078348 0.280878
                               max_size_30s_w1 -0.012474 0.009004   -1.385309 0.165958
                               avg_size_30s_w1  0.033146 0.010148    3.266245 0.001090
                             same_count_30s_w1 -0.097162 0.290562   -0.334392 0.738084
                              opp_count_30s_w1  0.139708 0.287167    0.486504 0.626610
                      log1p(total_same_30s_w1) -0.030367 0.015340   -1.979647 0.047743
                              total_opp_30s_w1 -0.037950 0.020036   -1.894057 0.058217
                               max_size_30s_w2 -0.005396 0.008485   -0.635914 0.524832
                               avg_size_30s_w2  0.006900 0.010055    0.686231 0.492568
                             same_count_30s_w2  0.007718 0.265664    0.029051 0.976824
                              opp_count_30s_w2 -0.003444 0.267040   -0.012897 0.989710
                      log1p(total_same_30s_w2) -0.028258 0.014761   -1.914416 0.055567
                              total_opp_30s_w2  0.017001 0.019584    0.868091 0.385344
                              max_size_300s_w0  0.011223 0.009656    1.162337 0.245099
                              avg_size_300s_w0 -0.016171 0.012926   -1.250994 0.210937
                            same_count_300s_w0 -0.219199 1.644875   -0.133262 0.893986
                             opp_count_300s_w0  0.136161 1.643410    0.082853 0.933968
                            total_same_300s_w0 -0.006801 0.027209   -0.249963 0.802616
                             total_opp_300s_w0  0.070377 0.033378    2.108470 0.034990
                              max_size_300s_w1  0.009755 0.007562    1.289947 0.197069
                              avg_size_300s_w1  0.025826 0.010147    2.545067 0.010926
                            same_count_300s_w1 -0.147616 1.224569   -0.120546 0.904051
                             opp_count_300s_w1  0.114349 1.219988    0.093729 0.925324
                            total_same_300s_w1  0.040451 0.027004    1.497967 0.134142
                             total_opp_300s_w1 -0.035055 0.027684   -1.266291 0.205409
                              max_size_300s_w2  0.011423 0.007669    1.489529 0.136348
                              avg_size_300s_w2  0.009305 0.010063    0.924712 0.355116
                            same_count_300s_w2  0.055299 1.026737    0.053859 0.957048
                             opp_count_300s_w2 -0.009284 1.028142   -0.009030 0.992795
                            total_same_300s_w2 -0.064977 0.025161   -2.582474 0.009809
                             total_opp_300s_w2  0.012139 0.025898    0.468732 0.639261
                           ret_autocov_80ms_w0  0.001775 0.007931    0.223775 0.822933
                               ret_sum_80ms_w0 -0.013841 0.022144   -0.625026 0.531954
                log1p(trade_intensity_80ms_w0) -0.025896 0.009538   -2.714912 0.006629
                           ret_autocov_80ms_w1  0.000041 0.005613    0.007322 0.994158
                               ret_sum_80ms_w1 -0.014806 0.012880   -1.149567 0.250322
                log1p(trade_intensity_80ms_w1)  0.011507 0.017656    0.651748 0.514564
                           ret_autocov_80ms_w2 -0.005720 0.007816   -0.731817 0.464280
                               ret_sum_80ms_w2 -0.032339 0.011074   -2.920161 0.003499
                log1p(trade_intensity_80ms_w2)  0.008425 0.018114    0.465084 0.641871
                             ret_autocov_1s_w0  0.000359 0.008429    0.042572 0.966042
                                 ret_sum_1s_w0  0.137537 0.040091    3.430615 0.000602
                         trade_intensity_1s_w0  0.003690 0.005582    0.660992 0.508617
                             ret_autocov_1s_w1  0.005714 0.007852    0.727761 0.466760
                                 ret_sum_1s_w1  0.009967 0.025553    0.390050 0.696499
                  log1p(trade_intensity_1s_w1) -0.000721 0.016306   -0.044213 0.964735
                             ret_autocov_1s_w2 -0.002710 0.009314   -0.290906 0.771123
                                 ret_sum_1s_w2 -0.008339 0.013824   -0.603271 0.546329
                  log1p(trade_intensity_1s_w2)  0.003340 0.016193    0.206232 0.836610
                             ret_autocov_5s_w0 -0.005875 0.012676   -0.463496 0.643009
                                 ret_sum_5s_w0  0.033761 0.047803    0.706264 0.480024
                         trade_intensity_5s_w0  0.011007 0.046151    0.238503 0.811491
                             ret_autocov_5s_w1 -0.002671 0.008072   -0.330855 0.740754
                                 ret_sum_5s_w1  0.011725 0.037247    0.314798 0.752915
                         trade_intensity_5s_w1  0.005604 0.045734    0.122537 0.902474
                             ret_autocov_5s_w2  0.000794 0.008693    0.091320 0.927238
                                 ret_sum_5s_w2 -0.005192 0.028128   -0.184601 0.853542
                         trade_intensity_5s_w2 -0.036802 0.047695   -0.771607 0.440347
                            ret_autocov_30s_w0 -0.006336 0.011272   -0.562089 0.574056
                                ret_sum_30s_w0 -0.064033 0.045984   -1.392509 0.163768
                        trade_intensity_30s_w0  0.002972 0.947149    0.003138 0.997496
                            ret_autocov_30s_w1  0.016318 0.010580    1.542341 0.122991
                                ret_sum_30s_w1  0.012792 0.035003    0.365446 0.714778
                        trade_intensity_30s_w1  0.060508 0.541110    0.111822 0.910965
                            ret_autocov_30s_w2 -0.000019 0.007661   -0.002514 0.997994
                                ret_sum_30s_w2 -0.004173 0.027319   -0.152765 0.878584
                        trade_intensity_30s_w2 -0.040105 0.498970   -0.080375 0.935939
                           ret_autocov_300s_w0 -0.008197 0.010176   -0.805521 0.420519
                               ret_sum_300s_w0  0.033452 0.042004    0.796408 0.425795
                       trade_intensity_300s_w0 -0.021016 3.247052   -0.006472 0.994836
                           ret_autocov_300s_w1 -0.017268 0.009717   -1.776982 0.075571
                               ret_sum_300s_w1  0.000732 0.029173    0.025081 0.979990
                       trade_intensity_300s_w1 -0.020476 2.415193   -0.008478 0.993236
                           ret_autocov_300s_w2 -0.006202 0.007751   -0.800116 0.423644
                               ret_sum_300s_w2 -0.006669 0.017855   -0.373502 0.708775
                       trade_intensity_300s_w2  0.021000 2.030552    0.010342 0.991748
                                  top_near_liq  0.056487 0.011723    4.818567 0.000001
                                   top_opp_liq -0.044684 0.010054   -4.444519 0.000009
                                  ob_near_half -0.080753 0.012197   -6.620606 0.000000
                                     totb_mean -0.000596 0.006470   -0.092192 0.926546
                                    log1p(age)  0.084132 0.008019   10.492108 0.000000
                                    is_weekend -0.008091 0.007271   -1.112825 0.265784
  opp_count_80ms_w0 * log1p(total_opp_80ms_w0) -0.003585 0.019471   -0.184138 0.853905
       top_near_liq * log1p(total_opp_80ms_w0)  0.046433 0.012710    3.653340 0.000259
                ob_near_half * opp_count_1s_w0 -0.001501 0.012212   -0.122913 0.902176
            ret_vwap_80ms_w1 * opp_count_1s_w0  0.006546 0.008346    0.784349 0.432835
    log1p(amplitude_80ms_w0) * amplitude_1s_w0 -0.005129 0.015057   -0.340614 0.733394
log1p(amplitude_80ms_w0) * ret_autocov_300s_w1 -0.003360 0.008475   -0.396493 0.691742

Shadow consistency backtest (validation-stage selected threshold on test days):
 threshold_quantile  threshold  Sharpe1H365  Sortino1H365  ReturnPct  AnnualReturnPct  MaxDrawdownPct  ReturnOverMDD  DailyTrades  DailyTradingValuePct  MaxPositionValue  roundtrip_count  valid_for_selection
           0.985000   0.151253    14.434193     19.263623   0.003299         1.256401        0.002763       1.193804    39.652174             39.550246         95.528950               19                 True

Applied refit-period threshold for test: logistic=0.153903540596

Test balanced-inventory backtest (Logistic, selected threshold, refit on pre-test window):
 threshold_quantile  threshold  Sharpe1H365  Sortino1H365  ReturnPct  AnnualReturnPct  MaxDrawdownPct  ReturnOverMDD  DailyTrades  DailyTradingValuePct  MaxPositionValue  roundtrip_count  valid_for_selection
           0.985000   0.153904    16.365089     23.057625   0.004135         1.574971        0.003118       1.326098    43.826087             43.714531         95.419950               21                 True
