Fill surface OLS:
  R^2 = 0.907239
       term      coef  std_err  p_value
      const  0.520719 0.001276 0.000000
q_near_norm  0.012518 0.003418 0.000250
 q_opp_norm  0.036989 0.003421 0.000000
  imbalance -0.369808 0.002731 0.000000

Fill-probability gates:
                   name  threshold  selected_quantile  total_count  kept_count  kept_share  min_count_floor  kept_fill_count  min_fill_floor  floor_met
     dataset_gate_train   0.799391           0.800000      1497020      299404    0.200000              250    248933.000000       25.000000       True
trading_gate_validation   0.860565           0.980000     30239998      604800    0.020000              250              NaN             NaN       True
     dataset_gate_refit   0.800001           0.800000      1494326      298866    0.200001              250    248321.000000       25.000000       True
      trading_gate_test   0.857852           0.980000     30239998      604800    0.020000              250              NaN             NaN       True

Logistic train / validation / test metrics:
     split  n_orders  pos_rate  roc_auc  avg_precision  log_loss    brier  accuracy@0.5
     train    299404  0.085253 0.584279       0.114582  0.287833 0.077402      0.914741
validation     31674  0.084423 0.570772       0.112586  0.287034 0.076859      0.915514
      test     18891  0.086126 0.578684       0.120828  0.290722 0.078176      0.913927

Validation balanced-inventory backtest (Logistic):
 threshold_quantile  threshold  Sharpe1H365  Sortino1H365  ReturnPct  AnnualReturnPct  MaxDrawdownPct  ReturnOverMDD  DailyTrades  DailyTradingValuePct  MaxPositionValue  roundtrip_count  valid_for_selection
           0.800000   0.098928    24.032339     57.887035   0.032984         6.147579        0.006498       5.076206   135.319149            135.432777         90.486250              132                 True
           0.850000   0.104922    13.338022     25.528096   0.015161         2.825835        0.013363       1.134549   102.638298            102.734620         90.575950              100                 True
           0.855000   0.105609    12.532951     23.619216   0.014135         2.634467        0.012818       1.102753    99.574468             99.675669         90.575950               97                 True
           0.900000   0.113759    -3.553565     -4.689948  -0.003963        -0.738668        0.020877      -0.189831    73.021277             73.037425         90.575950               71                 True
           0.900000   0.113759    -3.553565     -4.689948  -0.003963        -0.738668        0.020877      -0.189831    73.021277             73.037425         90.575950               71                 True
           0.935000   0.124790    18.520867     31.327924   0.019665         3.665245        0.007506       2.620036    52.595745             52.609647         90.575950               51                 True
           0.950000   0.131834    -8.844378    -10.926530  -0.008936        -1.665582        0.023526      -0.379856    38.297872             38.296545         90.575950               37                 True
           0.950000   0.131834    -8.844378    -10.926530  -0.008936        -1.665582        0.023526      -0.379856    38.297872             38.296545         90.575950               37                 True
           0.975000   0.149187     1.155902      1.555819   0.001235         0.230152        0.013048       0.094640    15.829787             15.833988         90.575950               15                 True
           0.980000   0.155468    11.681585     18.792850   0.009730         1.813517        0.007117       1.367163    12.765957             12.774094         90.575950               12                 True
           0.985000   0.162245     7.180035     11.324073   0.005904         1.100385        0.007117       0.829552    10.723404             10.730589         90.575950               10                 True
           0.987000   0.165446    24.261604     63.934691   0.030621         5.707266        0.007117       4.302559     9.702128              9.721284         90.486250                9                 True
           0.990000   0.170835    22.242083     62.518411   0.027357         5.098802        0.007117       3.843854     9.191489              9.208907         90.486250                9                 True
           1.000000   0.699759          NaN           NaN   0.000000         0.000000        0.000000            NaN     0.000000              0.000000          0.000000                0                False

Validation score-grid thresholds: (0.098927782476, 0.104921977967, 0.105609444529, 0.113759379089, 0.113759379089, 0.124790033996, 0.131834480166, 0.131834480166, 0.149186953902, 0.155467532873, 0.162245180607, 0.165445531994, 0.170835419893, 0.699758887291)

Selected threshold quantile: logistic=0.987, validation_threshold=0.165445531994

Shadow consistency threshold sweep (validation-stage model/gates on test days):
 threshold_quantile  threshold  Sharpe1H365  Sortino1H365  ReturnPct  AnnualReturnPct  MaxDrawdownPct  ReturnOverMDD  DailyTrades  DailyTradingValuePct  MaxPositionValue  roundtrip_count  valid_for_selection
           0.800000   0.098928    -1.246946     -1.829675  -0.001100        -0.418980        0.009159      -0.120103   106.434783            105.654362         89.275650               51                 True
           0.850000   0.104922     6.085713      9.183619   0.005309         2.022208        0.009159       0.579676    78.260870             77.698590         89.275650               37                 True
           0.855000   0.105609     6.231122      9.341184   0.005401         2.056903        0.009159       0.589622    76.173913             75.621468         89.275650               36                 True
           0.900000   0.113759    -6.703346     -7.682875  -0.004699        -1.789820        0.013549      -0.346828    51.130435             50.836722         89.275650               24                 True
           0.900000   0.113759    -6.703346     -7.682875  -0.004699        -1.789820        0.013549      -0.346828    51.130435             50.836722         89.275650               24                 True
           0.935000   0.124790    22.978353     42.829224   0.008188         3.118707        0.003748       2.184493    24.000000             23.886026         89.275650               11                 True
           0.950000   0.131834     8.307226     13.768312   0.002907         1.107150        0.004868       0.597186    18.782609             18.719398         89.275650                9                 True
           0.950000   0.131834     8.307226     13.768312   0.002907         1.107150        0.004868       0.597186    18.782609             18.719398         89.275650                9                 True
           0.975000   0.149187   -33.529956    -33.532872  -0.022710        -8.649696        0.027089      -0.838368     7.304348              7.284967         89.275650                3                 True
           0.980000   0.155468    24.633412     83.728445   0.004003         1.524608        0.000730       5.482417     4.173913              4.164864         89.275650                2                 True
           0.985000   0.162245    34.411397    130.542453   0.006506         2.477831        0.000730       8.910158     2.086957              2.081532         89.275650                1                 True
           0.987000   0.165446    34.411397    130.542453   0.006506         2.477831        0.000730       8.910158     2.086957              2.081532         89.275650                1                 True
           0.990000   0.170835    34.411397    130.542453   0.006506         2.477831        0.000730       8.910158     2.086957              2.081532         89.275650                1                 True
           1.000000   0.699759          NaN           NaN   0.000000         0.000000        0.000000            NaN     0.000000              0.000000          0.000000                0                False

Test balanced-inventory threshold sweep (Logistic, refit on pre-test window):
 threshold_quantile  threshold  Sharpe1H365  Sortino1H365  ReturnPct  AnnualReturnPct  MaxDrawdownPct  ReturnOverMDD  DailyTrades  DailyTradingValuePct  MaxPositionValue  roundtrip_count  valid_for_selection
           0.800000   0.098902   -11.690373    -13.389383  -0.007618        -2.901582        0.013100      -0.581557   105.391304            104.612104         89.275650               50                 True
           0.850000   0.104368   -16.029765    -19.328478  -0.012341        -4.700300        0.013855      -0.890714    80.347826             79.860549         89.275650               38                 True
           0.855000   0.105023   -19.522983    -23.007612  -0.015396        -5.863822        0.016919      -0.909991    73.043478             72.632039         89.275650               35                 True
           0.900000   0.112417   -20.737261    -22.376108  -0.014704        -5.600310        0.016216      -0.906783    45.913043             45.670168         89.275650               22                 True
           0.900000   0.112417   -20.737261    -22.376108  -0.014704        -5.600310        0.016216      -0.906783    45.913043             45.670168         89.275650               22                 True
           0.935000   0.121378   -16.315372    -18.237717  -0.011967        -4.557813        0.015988      -0.748484    28.173913             28.032793         89.275650               13                 True
           0.950000   0.126922    -5.335249     -6.346545  -0.003888        -1.480655        0.010213      -0.380650    24.000000             23.894840         89.275650               11                 True
           0.950000   0.126922    -5.335249     -6.346545  -0.003888        -1.480655        0.010213      -0.380650    24.000000             23.894840         89.275650               11                 True
           0.975000   0.141348   -30.439903    -31.277359  -0.022818        -8.690840        0.027089      -0.842356     9.391304              9.359772         89.275650                4                 True
           0.980000   0.145929   -21.603797    -23.156588  -0.016703        -6.361571        0.027089      -0.616593     5.217391              5.194112         89.275650                2                 True
           0.985000   0.151638    34.411397    130.542453   0.006506         2.477831        0.000730       8.910158     2.086957              2.081532         89.275650                1                 True
           0.987000   0.154604    34.411397    130.542453   0.006506         2.477831        0.000730       8.910158     2.086957              2.081532         89.275650                1                 True
           0.990000   0.160070    34.411397    130.542453   0.006506         2.477831        0.000730       8.910158     2.086957              2.081532         89.275650                1                 True
           1.000000   0.792150          NaN           NaN   0.000000         0.000000        0.000000            NaN     0.000000              0.000000          0.000000                0                False

Logistic coefficients (refit on pre-test window):
                                          term      coef   std_err     z_value  p_value
                                         const -2.430922  0.006828 -356.019314 0.000000
                                     stdev_100  0.007588  0.030879    0.245734 0.805888
                                     stdev_500 -0.042704  0.013343   -3.200368 0.001373
                      log1p(amplitude_80ms_w0) -0.073290  0.022423   -3.268462 0.001081
                              ret_vwap_80ms_w0  0.026490  0.014333    1.848220 0.064571
                      log1p(amplitude_80ms_w1)  0.006066  0.018729    0.323900 0.746013
                              ret_vwap_80ms_w1  0.011227  0.015095    0.743785 0.457007
                      log1p(amplitude_80ms_w2)  0.035300  0.016907    2.087944 0.036803
                              ret_vwap_80ms_w2 -0.024636  0.012491   -1.972333 0.048572
                               amplitude_1s_w0 -0.048854  0.021081   -2.317464 0.020478
                                ret_vwap_1s_w0  0.031770  0.018165    1.748939 0.080302
                        log1p(amplitude_1s_w1) -0.012525  0.016253   -0.770654 0.440912
                                ret_vwap_1s_w1  0.045312  0.029682    1.526607 0.126859
                        log1p(amplitude_1s_w2) -0.013693  0.016050   -0.853131 0.393587
                                ret_vwap_1s_w2  0.038807  0.036206    1.071839 0.283792
                               amplitude_5s_w0  0.003399  0.018738    0.181419 0.856039
                                ret_vwap_5s_w0 -0.019529  0.020520   -0.951715 0.341242
                               amplitude_5s_w1 -0.040398  0.018572   -2.175220 0.029614
                                ret_vwap_5s_w1 -0.025470  0.032563   -0.782188 0.434104
                               amplitude_5s_w2 -0.009973  0.018950   -0.526267 0.598703
                                ret_vwap_5s_w2  0.044491  0.043295    1.027607 0.304135
                              amplitude_30s_w0  0.003208  0.017644    0.181802 0.855738
                               ret_vwap_30s_w0 -0.008023  0.020952   -0.382913 0.701784
                              amplitude_30s_w1 -0.021227  0.016108   -1.317771 0.187580
                               ret_vwap_30s_w1 -0.011338  0.030225   -0.375123 0.707569
                              amplitude_30s_w2  0.004013  0.015871    0.252839 0.800392
                               ret_vwap_30s_w2 -0.074043  0.040312   -1.836760 0.066245
                             amplitude_300s_w0  0.036514  0.018216    2.004435 0.045023
                              ret_vwap_300s_w0  0.024874  0.017422    1.427789 0.153353
                             amplitude_300s_w1  0.005672  0.017118    0.331327 0.740397
                              ret_vwap_300s_w1  0.018396  0.028457    0.646422 0.518006
                             amplitude_300s_w2 -0.013425  0.016477   -0.814744 0.415219
                              ret_vwap_300s_w2 -0.021966  0.038029   -0.577602 0.563533
                       log1p(max_size_80ms_w0)  0.063511  0.024931    2.547466 0.010851
                       log1p(avg_size_80ms_w0)  0.021880  0.011620    1.882968 0.059705
                     log1p(same_count_80ms_w0)  0.049231  0.010323    4.769173 0.000002
                             opp_count_80ms_w0  0.071617  0.034615    2.068995 0.038547
                     log1p(total_same_80ms_w0) -0.034746  0.012090   -2.874056 0.004052
                      log1p(total_opp_80ms_w0) -0.139700  0.027309   -5.115450 0.000000
                       log1p(max_size_80ms_w1) -0.003633  0.023390   -0.155301 0.876584
                       log1p(avg_size_80ms_w1)  0.003411  0.009994    0.341271 0.732900
                     log1p(same_count_80ms_w1) -0.019819  0.011290   -1.755487 0.079176
                      log1p(opp_count_80ms_w1) -0.033183  0.026006   -1.275964 0.201968
                     log1p(total_same_80ms_w1)  0.028861  0.011764    2.453414 0.014151
                      log1p(total_opp_80ms_w1)  0.030820  0.023944    1.287139 0.198046
                       log1p(max_size_80ms_w2) -0.022683  0.024132   -0.939951 0.347243
                       log1p(avg_size_80ms_w2) -0.011251  0.010793   -1.042428 0.297213
                     log1p(same_count_80ms_w2)  0.002575  0.012528    0.205507 0.837176
                      log1p(opp_count_80ms_w2) -0.059099  0.024401   -2.421983 0.015436
                     log1p(total_same_80ms_w2) -0.005738  0.013186   -0.435147 0.663456
                      log1p(total_opp_80ms_w2)  0.045976  0.023443    1.961214 0.049854
                                max_size_1s_w0 -0.000956  0.009514   -0.100530 0.919923
                                avg_size_1s_w0 -0.019093  0.009927   -1.923267 0.054446
                       log1p(same_count_1s_w0) -0.044819  0.016691   -2.685190 0.007249
                               opp_count_1s_w0  0.056911  0.027835    2.044612 0.040893
                       log1p(total_same_1s_w0)  0.015660  0.015440    1.014248 0.310464
                        log1p(total_opp_1s_w0) -0.017124  0.018312   -0.935132 0.349720
                         log1p(max_size_1s_w1) -0.014398  0.018274   -0.787872 0.430771
                                avg_size_1s_w1  0.003536  0.008420    0.419945 0.674526
                       log1p(same_count_1s_w1) -0.023237  0.018244   -1.273681 0.202776
                        log1p(opp_count_1s_w1) -0.005026  0.018872   -0.266312 0.789999
                       log1p(total_same_1s_w1)  0.022399  0.017594    1.273148 0.202966
                        log1p(total_opp_1s_w1)  0.032041  0.018554    1.726909 0.084184
                         log1p(max_size_1s_w2) -0.001627  0.018356   -0.088631 0.929375
                                avg_size_1s_w2  0.007491  0.008112    0.923462 0.355766
                       log1p(same_count_1s_w2)  0.051743  0.018818    2.749566 0.005967
                        log1p(opp_count_1s_w2) -0.004866  0.018115   -0.268632 0.788213
                       log1p(total_same_1s_w2)  0.018909  0.018020    1.049328 0.294027
                        log1p(total_opp_1s_w2) -0.024912  0.018205   -1.368396 0.171188
                                max_size_5s_w0  0.000606  0.010383    0.058354 0.953467
                                avg_size_5s_w0  0.013394  0.011705    1.144275 0.252510
                       log1p(same_count_5s_w0)  0.018301  0.025085    0.729570 0.465653
                               opp_count_5s_w0 -0.019345  0.046824   -0.413135 0.679507
                       log1p(total_same_5s_w0) -0.047460  0.022903   -2.072245 0.038243
                        log1p(total_opp_5s_w0)  0.033336  0.018939    1.760152 0.078382
                                max_size_5s_w1  0.008929  0.008625    1.035178 0.300586
                                avg_size_5s_w1  0.005224  0.009383    0.556743 0.577703
                       log1p(same_count_5s_w1)  0.021961  0.019413    1.131295 0.257931
                               opp_count_5s_w1 -0.025646  0.048320   -0.530748 0.595593
                       log1p(total_same_5s_w1) -0.005754  0.018749   -0.306913 0.758910
                        log1p(total_opp_5s_w1)  0.001084  0.013707    0.079084 0.936966
                                max_size_5s_w2 -0.019769  0.011421   -1.730920 0.083466
                                avg_size_5s_w2 -0.004056  0.009610   -0.422018 0.673012
                       log1p(same_count_5s_w2)  0.020922  0.018798    1.112957 0.265727
                               opp_count_5s_w2  0.070114  0.049974    1.403005 0.160615
                       log1p(total_same_5s_w2)  0.011787  0.018931    0.622603 0.533545
                        log1p(total_opp_5s_w2)  0.022558  0.013832    1.630927 0.102906
                               max_size_30s_w0  0.008038  0.012413    0.647536 0.517285
                               avg_size_30s_w0 -0.013400  0.012564   -1.066479 0.286207
                             same_count_30s_w0 -0.154721  0.739691   -0.209170 0.834316
                              opp_count_30s_w0  0.160621  0.738323    0.217549 0.827781
                             total_same_30s_w0  0.045971  0.022938    2.004166 0.045052
                              total_opp_30s_w0 -0.025614  0.021999   -1.164356 0.244280
                               max_size_30s_w1 -0.012332  0.009363   -1.317098 0.187806
                               avg_size_30s_w1  0.016955  0.009935    1.706596 0.087897
                             same_count_30s_w1  0.021895  0.621773    0.035213 0.971910
                              opp_count_30s_w1  0.026843  0.620944    0.043229 0.965519
                      log1p(total_same_30s_w1) -0.032489  0.015539   -2.090741 0.036551
                              total_opp_30s_w1  0.028096  0.020352    1.380550 0.167417
                               max_size_30s_w2 -0.010853  0.009487   -1.143952 0.252643
                               avg_size_30s_w2  0.010407  0.009896    1.051652 0.292959
                             same_count_30s_w2  0.073999  0.608066    0.121695 0.903140
                              opp_count_30s_w2 -0.036033  0.612447   -0.058834 0.953084
                      log1p(total_same_30s_w2) -0.035593  0.015362   -2.316916 0.020508
                              total_opp_30s_w2  0.016570  0.020928    0.791760 0.428501
                              max_size_300s_w0  0.003755  0.009980    0.376259 0.706725
                              avg_size_300s_w0 -0.018274  0.013222   -1.382063 0.166952
                            same_count_300s_w0 -0.347300  5.590698   -0.062121 0.950466
                             opp_count_300s_w0  0.243585  5.581931    0.043638 0.965193
                            total_same_300s_w0  0.065566  0.032063    2.044906 0.040864
                             total_opp_300s_w0  0.034423  0.037254    0.924003 0.355485
                              max_size_300s_w1 -0.011579  0.008658   -1.337390 0.181095
                              avg_size_300s_w1  0.027553  0.010242    2.690227 0.007140
                            same_count_300s_w1  0.023932  4.612395    0.005189 0.995860
                             opp_count_300s_w1  0.011295  4.579259    0.002466 0.998032
                            total_same_300s_w1 -0.065837  0.031776   -2.071888 0.038276
                             total_opp_300s_w1  0.024911  0.030586    0.814467 0.415377
                              max_size_300s_w2  0.002583  0.008249    0.313113 0.754195
                              avg_size_300s_w2  0.006664  0.009837    0.677460 0.498114
                            same_count_300s_w2 -0.026909  4.583514   -0.005871 0.995316
                             opp_count_300s_w2  0.040890  4.600899    0.008887 0.992909
                            total_same_300s_w2  0.015295  0.029112    0.525385 0.599316
                             total_opp_300s_w2 -0.020596  0.030193   -0.682137 0.495152
                           ret_autocov_80ms_w0 -0.000639  0.006695   -0.095457 0.923952
                               ret_sum_80ms_w0  0.027604  0.021679    1.273309 0.202908
                log1p(trade_intensity_80ms_w0) -0.007995  0.009652   -0.828318 0.407491
                           ret_autocov_80ms_w1  0.014213  0.015765    0.901569 0.367286
                               ret_sum_80ms_w1 -0.027729  0.013594   -2.039786 0.041372
                log1p(trade_intensity_80ms_w1)  0.015680  0.018707    0.838218 0.401908
                           ret_autocov_80ms_w2  0.009745  0.008023    1.214607 0.224516
                               ret_sum_80ms_w2 -0.005540  0.011893   -0.465867 0.641310
                log1p(trade_intensity_80ms_w2)  0.033804  0.019077    1.772008 0.076393
                             ret_autocov_1s_w0  0.006071  0.009818    0.618396 0.536315
                                 ret_sum_1s_w0  0.109493  0.040268    2.719116 0.006546
                         trade_intensity_1s_w0  0.004767  0.005236    0.910476 0.362572
                             ret_autocov_1s_w1 -0.005794  0.009545   -0.607030 0.543831
                                 ret_sum_1s_w1  0.037066  0.025893    1.431510 0.152284
                  log1p(trade_intensity_1s_w1)  0.002731  0.016895    0.161617 0.871608
                             ret_autocov_1s_w2 -0.000758  0.008367   -0.090580 0.927826
                                 ret_sum_1s_w2 -0.018876  0.014691   -1.284865 0.198840
                  log1p(trade_intensity_1s_w2) -0.007251  0.016826   -0.430961 0.666497
                             ret_autocov_5s_w0 -0.010907  0.014060   -0.775758 0.437892
                                 ret_sum_5s_w0  0.000423  0.048573    0.008703 0.993056
                         trade_intensity_5s_w0  0.014249  0.043144    0.330264 0.741201
                             ret_autocov_5s_w1 -0.014500  0.007843   -1.848729 0.064497
                                 ret_sum_5s_w1 -0.015006  0.038709   -0.387666 0.698263
                         trade_intensity_5s_w1  0.015937  0.048300    0.329969 0.741423
                             ret_autocov_5s_w2 -0.000454  0.009767   -0.046444 0.962956
                                 ret_sum_5s_w2  0.023703  0.029417    0.805765 0.420379
                         trade_intensity_5s_w2 -0.090746  0.051452   -1.763702 0.077782
                            ret_autocov_30s_w0  0.012526  0.014996    0.835308 0.403544
                                ret_sum_30s_w0  0.011823  0.049131    0.240642 0.809833
                        trade_intensity_30s_w0 -0.013573  1.391057   -0.009757 0.992215
                            ret_autocov_30s_w1  0.003512  0.009147    0.383967 0.701003
                                ret_sum_30s_w1 -0.037999  0.036485   -1.041490 0.297648
                        trade_intensity_30s_w1 -0.029533  1.175869   -0.025116 0.979963
                            ret_autocov_30s_w2  0.003355  0.008527    0.393406 0.694020
                                ret_sum_30s_w2 -0.035787  0.028680   -1.247830 0.212093
                        trade_intensity_30s_w2 -0.035295  1.156457   -0.030520 0.975652
                           ret_autocov_300s_w0 -0.001975  0.011324   -0.174407 0.861546
                               ret_sum_300s_w0  0.042219  0.044175    0.955723 0.339212
                       trade_intensity_300s_w0 -0.046882 11.053816   -0.004241 0.996616
                           ret_autocov_300s_w1 -0.029164  0.009378   -3.109900 0.001872
                               ret_sum_300s_w1 -0.033970  0.031509   -1.078115 0.280982
                       trade_intensity_300s_w1  0.021326  9.101383    0.002343 0.998130
                           ret_autocov_300s_w2 -0.007362  0.008003   -0.919918 0.357615
                               ret_sum_300s_w2 -0.020623  0.020208   -1.020505 0.307489
                       trade_intensity_300s_w2  0.007930  9.095642    0.000872 0.999304
                                  top_near_liq  0.018298  0.012189    1.501155 0.133316
                                   top_opp_liq -0.106850  0.014432   -7.403838 0.000000
                                  ob_near_half -0.125459  0.013364   -9.388106 0.000000
                                     totb_mean  0.007326  0.005890    1.243879 0.213544
                                    log1p(age)  0.098266  0.007991   12.297729 0.000000
                                    is_weekend -0.031735  0.007826   -4.055157 0.000050
  opp_count_80ms_w0 * log1p(total_opp_80ms_w0) -0.035146  0.022531   -1.559915 0.118780
       top_near_liq * log1p(total_opp_80ms_w0)  0.085289  0.012090    7.054521 0.000000
                ob_near_half * opp_count_1s_w0  0.027200  0.012056    2.256147 0.024061
            ret_vwap_80ms_w1 * opp_count_1s_w0  0.004443  0.009160    0.485119 0.627592
    log1p(amplitude_80ms_w0) * amplitude_1s_w0  0.045368  0.015292    2.966718 0.003010
log1p(amplitude_80ms_w0) * ret_autocov_300s_w1  0.016420  0.009362    1.753944 0.079440

Shadow consistency backtest (validation-stage selected threshold on test days):
 threshold_quantile  threshold  Sharpe1H365  Sortino1H365  ReturnPct  AnnualReturnPct  MaxDrawdownPct  ReturnOverMDD  DailyTrades  DailyTradingValuePct  MaxPositionValue  roundtrip_count  valid_for_selection
           0.987000   0.165446    34.411397    130.542453   0.006506         2.477831        0.000730       8.910158     2.086957              2.081532         89.275650                1                 True

Applied refit-period threshold for test: logistic=0.154604367688

Test balanced-inventory backtest (Logistic, selected threshold, refit on pre-test window):
 threshold_quantile  threshold  Sharpe1H365  Sortino1H365  ReturnPct  AnnualReturnPct  MaxDrawdownPct  ReturnOverMDD  DailyTrades  DailyTradingValuePct  MaxPositionValue  roundtrip_count  valid_for_selection
           0.987000   0.154604    34.411397    130.542453   0.006506         2.477831        0.000730       8.910158     2.086957              2.081532         89.275650                1                 True
