Fill surface OLS:
  R^2 = 0.884792
       term      coef  std_err  p_value
      const  0.522486 0.001461 0.000000
q_near_norm -0.001109 0.003912 0.776868
 q_opp_norm  0.049763 0.003916 0.000000
  imbalance -0.364789 0.003127 0.000000

Fill-probability gates:
                   name  threshold  selected_quantile  total_count  kept_count  kept_share  min_count_floor  kept_fill_count  min_fill_floor  floor_met
     dataset_gate_train   0.810179           0.800000      1440155      288031    0.200000              250    240970.000000       25.000000       True
trading_gate_validation   0.861107           0.980000     30240000      604802    0.020000              250              NaN             NaN       True
     dataset_gate_refit   0.800342           0.800000      1497746      301558    0.201341              250    250594.000000       25.000000       True
      trading_gate_test   0.859756           0.980000     30240000      604800    0.020000              250              NaN             NaN       True

Logistic train / validation / test metrics:
     split  n_orders  pos_rate  roc_auc  avg_precision  log_loss    brier  accuracy@0.5
     train    288031  0.087237 0.582606       0.115297  0.292708 0.079069      0.912766
validation     52027  0.074423 0.569153       0.096526  0.262896 0.068592      0.925558
      test     26209  0.079934 0.551796       0.094551  0.278059 0.073456      0.920066

Validation balanced-inventory backtest (Logistic):
 threshold_quantile  threshold  Sharpe1H365  Sortino1H365  ReturnPct  AnnualReturnPct  MaxDrawdownPct  ReturnOverMDD  DailyTrades  DailyTradingValuePct  MaxPositionValue  roundtrip_count  valid_for_selection
           0.800000   0.091732     0.642224      0.878916   0.001451         0.270467        0.037752       0.038439   198.638298            201.333805         90.321950              194                 True
           0.850000   0.096958   -13.073937    -14.838812  -0.033022        -6.154737        0.045943      -0.718762   143.489362            145.459129         90.321950              140                 True
           0.855000   0.097557    -9.670860    -11.144495  -0.024785        -4.619509        0.042880      -0.578013   137.361702            139.227929         90.321950              134                 True
           0.900000   0.104142   -11.360580    -12.396852  -0.032472        -6.052304        0.058890      -0.551409    95.489362             96.820040         90.237150               93                 True
           0.900000   0.104142   -11.360580    -12.396852  -0.032472        -6.052304        0.058890      -0.551409    95.489362             96.820040         90.237150               93                 True
           0.935000   0.111463    10.772817     14.274409   0.034866         6.498426        0.038426       0.907363    63.829787             64.697744         90.321950               62                 True
           0.950000   0.116156    11.730133     15.453001   0.037421         6.974665        0.038360       0.975520    50.553191             51.231737         90.321950               49                 True
           0.950000   0.116156    11.730133     15.453001   0.037421         6.974665        0.038360       0.975520    50.553191             51.231737         90.321950               49                 True
           0.975000   0.129517    18.662342     26.311384   0.062249        11.602151        0.030261       2.057061    28.085106             28.452583         90.321950               27                 True
           0.980000   0.134153    14.776919     21.060617   0.049410         9.209168        0.030261       1.632786    21.957447             22.253438         90.321950               21                 True
           0.985000   0.140047    13.454635     18.626790   0.042540         7.928690        0.030261       1.405757    18.382979             18.638911         90.321950               18                 True
           0.987000   0.142788    12.261591     16.974037   0.038675         7.208351        0.030261       1.278041    16.340426             16.569006         90.321950               16                 True
           0.990000   0.148038    13.994691     20.006614   0.045446         8.470329        0.030261       1.501789    12.255319             12.430639         90.321950               12                 True
           1.000000   0.804575          NaN           NaN   0.000000         0.000000        0.000000            NaN     0.000000              0.000000          0.000000                0                False

Validation score-grid thresholds: (0.091731891036, 0.096958391741, 0.097557279095, 0.104141914099, 0.104141914099, 0.111462558992, 0.116155885532, 0.116155885532, 0.129517332092, 0.134153022468, 0.140047177374, 0.142787857577, 0.148037596643, 0.804574787617)

Selected threshold quantile: logistic=0.98, validation_threshold=0.134153022468

Shadow consistency threshold sweep (validation-stage model/gates on test days):
 threshold_quantile  threshold  Sharpe1H365  Sortino1H365  ReturnPct  AnnualReturnPct  MaxDrawdownPct  ReturnOverMDD  DailyTrades  DailyTradingValuePct  MaxPositionValue  roundtrip_count  valid_for_selection
           0.800000   0.091732     3.010133      4.244870   0.001646         0.626965        0.006755       0.243698   238.956522            239.177545         90.575950              114                 True
           0.850000   0.096958    -0.724726     -1.203347  -0.000651        -0.248073        0.009008      -0.072310   161.739130            161.902501         90.575950               77                 True
           0.855000   0.097557    -0.565594     -0.953938  -0.000520        -0.198036        0.009658      -0.053836   153.391304            153.547201         90.575950               73                 True
           0.900000   0.104142     3.385352      5.026311   0.002379         0.905980        0.008542       0.278469    94.956522             95.005142         90.486250               45                 True
           0.900000   0.104142     3.385352      5.026311   0.002379         0.905980        0.008542       0.278469    94.956522             95.005142         90.486250               45                 True
           0.935000   0.111463   -10.563758    -13.046298  -0.008475        -3.227701        0.013468      -0.629235    57.391304             57.431795         90.575950               27                 True
           0.950000   0.116156   -10.277137    -13.317653  -0.007138        -2.718499        0.009628      -0.741333    49.043478             49.057357         90.575950               23                 True
           0.950000   0.116156   -10.277137    -13.317653  -0.007138        -2.718499        0.009628      -0.741333    49.043478             49.057357         90.575950               23                 True
           0.975000   0.129517     2.637746      3.936809   0.001803         0.686853        0.013122       0.137434    22.956522             22.995113         90.486250               11                 True
           0.980000   0.134153    18.359221     36.567792   0.014603         5.561673        0.009394       1.554412    14.608696             14.640435         90.575950                7                 True
           0.985000   0.140047    23.785248     66.286225   0.026470        10.081612        0.009394       2.817673    14.608696             14.652818         90.575950                7                 True
           0.987000   0.142788    26.575428     61.113545   0.024404         9.294888        0.009394       2.597794    14.608696             14.650663         90.486250                7                 True
           0.990000   0.148038   -18.208005    -21.861816  -0.013398        -5.102999        0.022666      -0.591112     7.304348              7.310144         90.575950                3                 True
           1.000000   0.804575          NaN           NaN   0.000000         0.000000        0.000000            NaN     0.000000              0.000000          0.000000                0                False

Test balanced-inventory threshold sweep (Logistic, refit on pre-test window):
 threshold_quantile  threshold  Sharpe1H365  Sortino1H365  ReturnPct  AnnualReturnPct  MaxDrawdownPct  ReturnOverMDD  DailyTrades  DailyTradingValuePct  MaxPositionValue  roundtrip_count  valid_for_selection
           0.800000   0.100040    -4.889319     -6.375974  -0.004148        -1.579998        0.015641      -0.265221   103.304348            103.445205         90.486250               49                 True
           0.850000   0.105500   -27.360189    -29.078478  -0.020037        -7.631658        0.022542      -0.888890    69.913043             70.021838         90.575950               33                 True
           0.855000   0.106135   -19.886861    -22.498192  -0.012281        -4.677508        0.014786      -0.830604    69.913043             70.029932         90.575950               33                 True
           0.900000   0.113562   -22.271252    -24.861396  -0.018205        -6.933674        0.023519      -0.774058    46.956522             47.000617         90.575950               22                 True
           0.900000   0.113562   -22.271252    -24.861396  -0.018205        -6.933674        0.023519      -0.774058    46.956522             47.000617         90.575950               22                 True
           0.935000   0.122655    -9.523876    -12.487298  -0.007022        -2.674292        0.014875      -0.472042    20.869565             20.921776         90.486250               10                 True
           0.950000   0.128393    15.104725     26.122786   0.010899         4.151025        0.007117       1.531384    18.782609             18.847399         90.486250                9                 True
           0.950000   0.128393    15.104725     26.122786   0.010899         4.151025        0.007117       1.531384    18.782609             18.847399         90.486250                9                 True
           0.975000   0.143068   -14.395062    -17.574201  -0.011125        -4.237287        0.017910      -0.621166     8.347826              8.364929         90.575950                4                 True
           0.980000   0.147422     1.120449      1.677213   0.000716         0.272537        0.010977       0.065191     6.260870              6.284362         90.575950                3                 True
           0.985000   0.153195    28.846444     69.927972   0.025518         9.718907        0.010977       2.324754     5.217391              5.257829         90.486250                2                 True
           0.987000   0.155944    28.846444     69.927972   0.025518         9.718907        0.010977       2.324754     5.217391              5.257829         90.486250                2                 True
           0.990000   0.161443    32.931176     77.211636   0.030720        11.700413        0.010977       2.798728     3.130435              3.165986         90.486250                1                 True
           1.000000   0.990533          NaN           NaN   0.000000         0.000000        0.000000            NaN     0.000000              0.000000          0.000000                0                False

Logistic coefficients (refit on pre-test window):
                                          term      coef  std_err     z_value  p_value
                                         const -2.412944 0.006741 -357.952309 0.000000
                                     stdev_100 -0.046760 0.030225   -1.547040 0.121854
                                     stdev_500 -0.026182 0.013291   -1.969872 0.048853
                      log1p(amplitude_80ms_w0) -0.068134 0.021809   -3.124140 0.001783
                              ret_vwap_80ms_w0  0.031463 0.014157    2.222390 0.026257
                      log1p(amplitude_80ms_w1)  0.008957 0.018580    0.482092 0.629741
                              ret_vwap_80ms_w1  0.040617 0.014601    2.781822 0.005405
                      log1p(amplitude_80ms_w2)  0.027115 0.016708    1.622818 0.104628
                              ret_vwap_80ms_w2 -0.011664 0.012540   -0.930139 0.352299
                               amplitude_1s_w0 -0.045107 0.021124   -2.135312 0.032735
                                ret_vwap_1s_w0  0.027636 0.017740    1.557883 0.119261
                        log1p(amplitude_1s_w1) -0.035730 0.016008   -2.231962 0.025617
                                ret_vwap_1s_w1  0.013391 0.029160    0.459222 0.646075
                        log1p(amplitude_1s_w2) -0.037766 0.015923   -2.371849 0.017699
                                ret_vwap_1s_w2  0.003535 0.035979    0.098240 0.921742
                               amplitude_5s_w0  0.040060 0.018611    2.152411 0.031365
                                ret_vwap_5s_w0 -0.018589 0.020081   -0.925700 0.354602
                               amplitude_5s_w1 -0.038369 0.018117   -2.117804 0.034192
                                ret_vwap_5s_w1 -0.012501 0.031899   -0.391891 0.695139
                               amplitude_5s_w2  0.007973 0.018870    0.422523 0.672643
                                ret_vwap_5s_w2  0.076636 0.042504    1.803008 0.071387
                              amplitude_30s_w0 -0.010964 0.017654   -0.621043 0.534571
                               ret_vwap_30s_w0 -0.017918 0.020730   -0.864349 0.387396
                              amplitude_30s_w1 -0.028489 0.016164   -1.762544 0.077977
                               ret_vwap_30s_w1  0.010030 0.030114    0.333058 0.739091
                              amplitude_30s_w2  0.005251 0.015656    0.335419 0.737309
                               ret_vwap_30s_w2 -0.076530 0.040204   -1.903519 0.056973
                             amplitude_300s_w0  0.045198 0.018216    2.481217 0.013093
                              ret_vwap_300s_w0  0.029813 0.017316    1.721734 0.085118
                             amplitude_300s_w1  0.023353 0.017009    1.372950 0.169768
                              ret_vwap_300s_w1  0.033144 0.028668    1.156128 0.247629
                             amplitude_300s_w2  0.005168 0.016154    0.319921 0.749028
                              ret_vwap_300s_w2  0.018395 0.038869    0.473243 0.636040
                       log1p(max_size_80ms_w0)  0.050548 0.024565    2.057686 0.039620
                       log1p(avg_size_80ms_w0)  0.035920 0.011465    3.133040 0.001730
                     log1p(same_count_80ms_w0)  0.031365 0.010303    3.044102 0.002334
                             opp_count_80ms_w0  0.053917 0.034055    1.583211 0.113373
                     log1p(total_same_80ms_w0) -0.022834 0.011944   -1.911792 0.055903
                      log1p(total_opp_80ms_w0) -0.110501 0.026365   -4.191260 0.000028
                       log1p(max_size_80ms_w1) -0.004146 0.023619   -0.175525 0.860667
                       log1p(avg_size_80ms_w1) -0.009583 0.010283   -0.931973 0.351351
                     log1p(same_count_80ms_w1) -0.013786 0.011260   -1.224347 0.220821
                      log1p(opp_count_80ms_w1) -0.038808 0.025581   -1.517058 0.129252
                     log1p(total_same_80ms_w1)  0.018205 0.011928    1.526274 0.126942
                      log1p(total_opp_80ms_w1)  0.021144 0.023987    0.881476 0.378060
                       log1p(max_size_80ms_w2) -0.026229 0.023881   -1.098358 0.272048
                       log1p(avg_size_80ms_w2)  0.001073 0.010219    0.104976 0.916395
                     log1p(same_count_80ms_w2) -0.018608 0.012516   -1.486723 0.137088
                      log1p(opp_count_80ms_w2) -0.087996 0.024154   -3.643075 0.000269
                     log1p(total_same_80ms_w2) -0.001112 0.013062   -0.085141 0.932149
                      log1p(total_opp_80ms_w2)  0.057993 0.023174    2.502538 0.012331
                                max_size_1s_w0 -0.006857 0.009944   -0.689549 0.490478
                                avg_size_1s_w0 -0.031427 0.010139   -3.099633 0.001938
                       log1p(same_count_1s_w0) -0.038057 0.016574   -2.296184 0.021665
                               opp_count_1s_w0  0.074632 0.027709    2.693411 0.007072
                       log1p(total_same_1s_w0)  0.017828 0.015317    1.163946 0.244446
                        log1p(total_opp_1s_w0) -0.005576 0.018183   -0.306640 0.759118
                         log1p(max_size_1s_w1) -0.020495 0.018015   -1.137638 0.255272
                                avg_size_1s_w1  0.008937 0.008116    1.101170 0.270823
                       log1p(same_count_1s_w1)  0.010568 0.018253    0.578965 0.562612
                        log1p(opp_count_1s_w1) -0.016896 0.018676   -0.904702 0.365623
                       log1p(total_same_1s_w1)  0.028345 0.017356    1.633194 0.102428
                        log1p(total_opp_1s_w1)  0.046427 0.018272    2.540901 0.011057
                         log1p(max_size_1s_w2) -0.000991 0.018095   -0.054793 0.956303
                                avg_size_1s_w2 -0.000632 0.008209   -0.076996 0.938627
                       log1p(same_count_1s_w2)  0.046439 0.018711    2.481874 0.013069
                        log1p(opp_count_1s_w2) -0.021920 0.017996   -1.218062 0.223200
                       log1p(total_same_1s_w2)  0.023026 0.017799    1.293632 0.195793
                        log1p(total_opp_1s_w2)  0.006253 0.017951    0.348336 0.727588
                                max_size_5s_w0 -0.000592 0.010487   -0.056478 0.954961
                                avg_size_5s_w0  0.031396 0.011595    2.707788 0.006773
                       log1p(same_count_5s_w0)  0.012507 0.025109    0.498121 0.618399
                               opp_count_5s_w0 -0.107487 0.051447   -2.089256 0.036685
                       log1p(total_same_5s_w0) -0.055229 0.022859   -2.416073 0.015689
                        log1p(total_opp_5s_w0)  0.018152 0.018746    0.968352 0.332869
                                max_size_5s_w1  0.009569 0.008936    1.070845 0.284239
                                avg_size_5s_w1  0.021972 0.009009    2.438828 0.014735
                       log1p(same_count_5s_w1)  0.013711 0.019342    0.708859 0.478412
                               opp_count_5s_w1 -0.077681 0.046639   -1.665585 0.095796
                       log1p(total_same_5s_w1) -0.022844 0.018667   -1.223763 0.221042
                        log1p(total_opp_5s_w1) -0.014725 0.013554   -1.086388 0.277307
                                max_size_5s_w2  0.004713 0.009252    0.509403 0.610470
                                avg_size_5s_w2 -0.015511 0.009636   -1.609586 0.107488
                       log1p(same_count_5s_w2)  0.014468 0.018726    0.772641 0.439735
                               opp_count_5s_w2  0.037536 0.049138    0.763899 0.444928
                       log1p(total_same_5s_w2)  0.018173 0.018802    0.966523 0.333783
                        log1p(total_opp_5s_w2)  0.018394 0.013506    1.361865 0.173240
                               max_size_30s_w0  0.002934 0.012390    0.236761 0.812842
                               avg_size_30s_w0 -0.011768 0.012408   -0.948399 0.342926
                             same_count_30s_w0 -0.174925 0.548279   -0.319043 0.749694
                              opp_count_30s_w0  0.184317 0.544478    0.338520 0.734971
                             total_same_30s_w0  0.020646 0.022618    0.912787 0.361355
                              total_opp_30s_w0 -0.031509 0.021158   -1.489209 0.136432
                               max_size_30s_w1 -0.003367 0.009073   -0.371093 0.710568
                               avg_size_30s_w1  0.002999 0.009356    0.320525 0.748571
                             same_count_30s_w1 -0.042778 0.377065   -0.113450 0.909674
                              opp_count_30s_w1  0.067272 0.376030    0.178900 0.858017
                             total_same_30s_w1  0.009450 0.022184    0.425966 0.670133
                              total_opp_30s_w1  0.024833 0.019937    1.245573 0.212921
                               max_size_30s_w2 -0.013001 0.009563   -1.359437 0.174008
                               avg_size_30s_w2  0.005803 0.009875    0.587687 0.556742
                             same_count_30s_w2  0.050102 0.284306    0.176224 0.860118
                              opp_count_30s_w2  0.008628 0.288600    0.029896 0.976150
                      log1p(total_same_30s_w2) -0.045585 0.014687   -3.103699 0.001911
                              total_opp_30s_w2  0.005612 0.020628    0.272053 0.785581
                              max_size_300s_w0  0.011088 0.009763    1.135665 0.256097
                              avg_size_300s_w0 -0.016058 0.013020   -1.233359 0.217442
                            same_count_300s_w0 -0.253847 2.486916   -0.102073 0.918699
                             opp_count_300s_w0  0.169494 2.486572    0.068164 0.945655
                            total_same_300s_w0  0.046134 0.033872    1.362016 0.173193
                             total_opp_300s_w0  0.028982 0.036892    0.785604 0.432100
                              max_size_300s_w1 -0.007315 0.008441   -0.866588 0.386168
                              avg_size_300s_w1  0.029365 0.009974    2.944325 0.003237
                            same_count_300s_w1 -0.042849 1.778846   -0.024088 0.980782
                             opp_count_300s_w1  0.058051 1.769624    0.032804 0.973831
                            total_same_300s_w1 -0.050686 0.031083   -1.630676 0.102959
                             total_opp_300s_w1  0.026973 0.030910    0.872631 0.382864
                              max_size_300s_w2  0.001226 0.008182    0.149864 0.880872
                              avg_size_300s_w2  0.011088 0.009593    1.155837 0.247748
                            same_count_300s_w2  0.030410 1.764892    0.017230 0.986253
                             opp_count_300s_w2 -0.008509 1.772178   -0.004801 0.996169
                            total_same_300s_w2 -0.021502 0.028627   -0.751106 0.452589
                             total_opp_300s_w2  0.009604 0.029955    0.320618 0.748500
                           ret_autocov_80ms_w0  0.003992 0.017709    0.225421 0.821652
                               ret_sum_80ms_w0  0.043726 0.021809    2.004960 0.044967
                log1p(trade_intensity_80ms_w0) -0.005747 0.009552   -0.601603 0.547438
                           ret_autocov_80ms_w1 -0.001597 0.010144   -0.157448 0.874891
                               ret_sum_80ms_w1 -0.013431 0.013761   -0.976053 0.329038
                log1p(trade_intensity_80ms_w1)  0.011867 0.018453    0.643092 0.520165
                           ret_autocov_80ms_w2  0.019820 0.008114    2.442525 0.014585
                               ret_sum_80ms_w2 -0.002800 0.011341   -0.246898 0.804987
                log1p(trade_intensity_80ms_w2)  0.058351 0.018769    3.108965 0.001877
                             ret_autocov_1s_w0  0.009380 0.008237    1.138775 0.254797
                                 ret_sum_1s_w0  0.080081 0.039653    2.019555 0.043430
                         trade_intensity_1s_w0 -0.002271 0.007222   -0.314373 0.753238
                             ret_autocov_1s_w1  0.004449 0.008799    0.505667 0.613091
                                 ret_sum_1s_w1 -0.000442 0.026006   -0.017006 0.986432
                  log1p(trade_intensity_1s_w1)  0.007405 0.016789    0.441051 0.659176
                             ret_autocov_1s_w2 -0.002526 0.007618   -0.331571 0.740213
                                 ret_sum_1s_w2 -0.025209 0.014192   -1.776223 0.075696
                  log1p(trade_intensity_1s_w2)  0.000939 0.016688    0.056255 0.955139
                             ret_autocov_5s_w0 -0.008816 0.014750   -0.597678 0.550055
                                 ret_sum_5s_w0 -0.019819 0.048549   -0.408231 0.683104
                         trade_intensity_5s_w0  0.081146 0.049223    1.648539 0.099242
                             ret_autocov_5s_w1 -0.006073 0.007875   -0.771202 0.440587
                                 ret_sum_5s_w1 -0.001907 0.037902   -0.050325 0.959863
                         trade_intensity_5s_w1  0.095671 0.046166    2.072325 0.038235
                             ret_autocov_5s_w2  0.008474 0.009384    0.903030 0.366510
                                 ret_sum_5s_w2  0.021390 0.029107    0.734883 0.462411
                         trade_intensity_5s_w2 -0.069978 0.050992   -1.372333 0.169960
                            ret_autocov_30s_w0 -0.005880 0.014050   -0.418533 0.675557
                                ret_sum_30s_w0  0.027142 0.048478    0.559870 0.575568
                        trade_intensity_30s_w0  0.003273 1.026786    0.003188 0.997457
                            ret_autocov_30s_w1  0.013845 0.010786    1.283628 0.199272
                                ret_sum_30s_w1 -0.011323 0.036974   -0.306241 0.759421
                        trade_intensity_30s_w1 -0.022769 0.707267   -0.032193 0.974318
                            ret_autocov_30s_w2 -0.001457 0.008235   -0.176953 0.859545
                                ret_sum_30s_w2 -0.014940 0.028648   -0.521520 0.602004
                        trade_intensity_30s_w2 -0.042271 0.537931   -0.078580 0.937367
                           ret_autocov_300s_w0  0.000555 0.011733    0.047286 0.962285
                               ret_sum_300s_w0  0.064444 0.043908    1.467718 0.142181
                       trade_intensity_300s_w0 -0.032651 4.919165   -0.006637 0.994704
                           ret_autocov_300s_w1 -0.018494 0.009852   -1.877239 0.060485
                               ret_sum_300s_w1  0.011516 0.031413    0.366605 0.713913
                       trade_intensity_300s_w1  0.005622 3.511567    0.001601 0.998723
                           ret_autocov_300s_w2 -0.006437 0.007784   -0.826987 0.408244
                               ret_sum_300s_w2 -0.007324 0.019682   -0.372109 0.709811
                       trade_intensity_300s_w2  0.009778 3.501873    0.002792 0.997772
                                  top_near_liq  0.027954 0.011074    2.524268 0.011594
                                   top_opp_liq -0.073542 0.012563   -5.853678 0.000000
                                  ob_near_half -0.141877 0.012559  -11.296704 0.000000
                                     totb_mean -0.000008 0.006590   -0.001174 0.999063
                                    log1p(age)  0.099467 0.007921   12.556899 0.000000
                                    is_weekend -0.026394 0.007794   -3.386266 0.000709
  opp_count_80ms_w0 * log1p(total_opp_80ms_w0)  0.013034 0.021663    0.601676 0.547390
       top_near_liq * log1p(total_opp_80ms_w0)  0.044682 0.010047    4.447442 0.000009
                ob_near_half * opp_count_1s_w0  0.036358 0.012910    2.816354 0.004857
            ret_vwap_80ms_w1 * opp_count_1s_w0 -0.023187 0.009003   -2.575555 0.010008
    log1p(amplitude_80ms_w0) * amplitude_1s_w0  0.027492 0.017575    1.564247 0.117760
log1p(amplitude_80ms_w0) * ret_autocov_300s_w1  0.006038 0.009266    0.651603 0.514658

Shadow consistency backtest (validation-stage selected threshold on test days):
 threshold_quantile  threshold  Sharpe1H365  Sortino1H365  ReturnPct  AnnualReturnPct  MaxDrawdownPct  ReturnOverMDD  DailyTrades  DailyTradingValuePct  MaxPositionValue  roundtrip_count  valid_for_selection
           0.980000   0.134153    18.359221     36.567792   0.014603         5.561673        0.009394       1.554412    14.608696             14.640435         90.575950                7                 True

Applied refit-period threshold for test: logistic=0.147421928048

Test balanced-inventory backtest (Logistic, selected threshold, refit on pre-test window):
 threshold_quantile  threshold  Sharpe1H365  Sortino1H365  ReturnPct  AnnualReturnPct  MaxDrawdownPct  ReturnOverMDD  DailyTrades  DailyTradingValuePct  MaxPositionValue  roundtrip_count  valid_for_selection
           0.980000   0.147422     1.120449      1.677213   0.000716         0.272537        0.010977       0.065191     6.260870              6.284362         90.575950                3                 True
