Fill surface OLS:
  R^2 = 0.890343
       term      coef  std_err  p_value
      const  0.526159 0.001376 0.000000
q_near_norm  0.067910 0.003683 0.000000
 q_opp_norm -0.028806 0.003686 0.000000
  imbalance -0.410811 0.002943 0.000000

Fill-probability gates:
                   name  threshold  selected_quantile  total_count  kept_count  kept_share  min_count_floor  kept_fill_count  min_fill_floor  floor_met
     dataset_gate_train   0.807266           0.800000      1505031      301007    0.200001              250    251914.000000       25.000000       True
trading_gate_validation   0.859507           0.980000     30240000      604800    0.020000              250              NaN             NaN       True
     dataset_gate_refit   0.807401           0.800000      1457218      299818    0.205747              250    250594.000000       25.000000       True
      trading_gate_test   0.860722           0.980000     30240000      604800    0.020000              250              NaN             NaN       True

Logistic train / validation / test metrics:
     split  n_orders  pos_rate  roc_auc  avg_precision  log_loss    brier  accuracy@0.5
     train    301006  0.091221 0.575898       0.117566  0.302336 0.082381      0.908796
validation     13223  0.093322 0.588866       0.122420  0.307141 0.084155      0.906678
      test     18404  0.081993 0.569784       0.102636  0.281770 0.075000      0.918007

Validation balanced-inventory backtest (Logistic):
 threshold_quantile  threshold  Sharpe1H365  Sortino1H365  ReturnPct  AnnualReturnPct  MaxDrawdownPct  ReturnOverMDD  DailyTrades  DailyTradingValuePct  MaxPositionValue  roundtrip_count  valid_for_selection
           0.800000   0.127699   -12.861305    -14.459347  -0.010570        -1.970068        0.014145      -0.747285    90.382979             90.098450         95.528950               88                 True
           0.850000   0.137266    -0.248860     -0.424619  -0.000175        -0.032528        0.009334      -0.018698    61.787234             61.589731         95.528950               60                 True
           0.855000   0.138525     8.090309     28.394385   0.011206         2.088630        0.011594       0.966582    59.234043             59.049382         95.528950               58                 True
           0.900000   0.149848    19.058393     89.791599   0.025489         4.750631        0.004951       5.147752    36.765957             36.643918         95.442950               36                 True
           0.900000   0.149848    19.058393     89.791599   0.025489         4.750631        0.004951       5.147752    36.765957             36.643918         95.442950               36                 True
           0.935000   0.160778     5.809675      8.489089   0.003096         0.577074        0.002995       1.033774    17.872340             17.809761         95.528950               17                 True
           0.950000   0.167410     0.126748      0.181707   0.000068         0.012756        0.003643       0.018787    13.787234             13.739791         95.528950               13                 True
           0.950000   0.167410     0.126748      0.181707   0.000068         0.012756        0.003643       0.018787    13.787234             13.739791         95.528950               13                 True
           0.975000   0.183095   -11.104115    -11.501061  -0.016608        -3.095413        0.019150      -0.867247     3.574468              3.565438         95.528950                3                 True
           0.980000   0.188162   -13.956124    -14.253102  -0.020588        -3.837264        0.021849      -0.942295     2.553191              2.546441         95.442950                2                 True
           0.985000   0.194275   -13.606001    -13.868439  -0.019998        -3.727239        0.019998      -1.000000     1.531915              1.528143         95.528950                1                 True
           0.987000   0.197264   -11.684686    -11.991271  -0.017166        -3.199391        0.019150      -0.896379     0.510638              0.509325         95.442950                0                 True
           0.990000   0.203315   -11.684686    -11.991271  -0.017166        -3.199391        0.019150      -0.896379     0.510638              0.509325         95.442950                0                 True
           1.000000   0.474725          NaN           NaN   0.000000         0.000000        0.000000            NaN     0.000000              0.000000          0.000000                0                False

Validation score-grid thresholds: (0.127698883414, 0.137266261876, 0.138525214046, 0.149847885966, 0.149847885966, 0.160778129697, 0.167409978807, 0.167409978807, 0.183095287532, 0.188162027597, 0.194275297672, 0.197264365554, 0.203314937353, 0.474725335836)

Selected threshold quantile: logistic=0.9500000000000002, validation_threshold=0.167409978807

Shadow consistency threshold sweep (validation-stage model/gates on test days):
 threshold_quantile  threshold  Sharpe1H365  Sortino1H365  ReturnPct  AnnualReturnPct  MaxDrawdownPct  ReturnOverMDD  DailyTrades  DailyTradingValuePct  MaxPositionValue  roundtrip_count  valid_for_selection
           0.800000   0.127699    12.326755     20.556798   0.006468         2.463372        0.007514       0.860739    22.956522             22.751495         93.264950               11                 True
           0.850000   0.137266     7.775762     13.337332   0.004121         1.569625        0.006265       0.657776    11.478261             11.376506         93.264950                5                 True
           0.855000   0.138525    11.057461     19.394425   0.005993         2.282463        0.006265       0.956502    11.478261             11.378459         93.264950                5                 True
           0.900000   0.149848     0.924599      1.227062   0.000391         0.148743        0.005183       0.075349     6.260870              6.206931         93.264950                3                 True
           0.900000   0.149848     0.924599      1.227062   0.000391         0.148743        0.005183       0.075349     6.260870              6.206931         93.264950                3                 True
           0.935000   0.160778    11.467452     20.820539   0.004905         1.868182        0.004492       1.091988     4.173913              4.138469         93.264950                2                 True
           0.950000   0.167410     5.750436     10.154618   0.002458         0.936140        0.004492       0.547192     2.086957              2.068129         93.264950                1                 True
           0.950000   0.167410     5.750436     10.154618   0.002458         0.936140        0.004492       0.547192     2.086957              2.068129         93.264950                1                 True
           0.975000   0.183095    -1.485626     -2.162833  -0.000733        -0.279100        0.007872      -0.093093     1.043478              1.032791         93.264950                0                 True
           0.980000   0.188162    -1.485626     -2.162833  -0.000733        -0.279100        0.007872      -0.093093     1.043478              1.032791         93.264950                0                 True
           0.985000   0.194275    -1.485626     -2.162833  -0.000733        -0.279100        0.007872      -0.093093     1.043478              1.032791         93.264950                0                 True
           0.987000   0.197264    -1.485626     -2.162833  -0.000733        -0.279100        0.007872      -0.093093     1.043478              1.032791         93.264950                0                 True
           0.990000   0.203315    -1.485626     -2.162833  -0.000733        -0.279100        0.007872      -0.093093     1.043478              1.032791         93.264950                0                 True
           1.000000   0.474725    -1.485626     -2.162833  -0.000733        -0.279100        0.007872      -0.093093     1.043478              1.032791         93.264950                0                 True

Test balanced-inventory threshold sweep (Logistic, refit on pre-test window):
 threshold_quantile  threshold  Sharpe1H365  Sortino1H365  ReturnPct  AnnualReturnPct  MaxDrawdownPct  ReturnOverMDD  DailyTrades  DailyTradingValuePct  MaxPositionValue  roundtrip_count  valid_for_selection
           0.800000   0.104869    -0.129889     -0.188021  -0.000055        -0.020839        0.010784      -0.005074    99.130435             98.380409         93.264950               47                 True
           0.850000   0.110062    17.995609     31.490900   0.009022         3.436044        0.008327       1.083392    77.217391             76.628670         93.264950               37                 True
           0.855000   0.110715    17.754326     30.922462   0.009080         3.458400        0.008327       1.090441    70.956522             70.407733         93.264950               34                 True
           0.900000   0.117891    23.622801     45.650726   0.012325         4.694251        0.008582       1.436216    52.173913             51.789000         93.264950               25                 True
           0.900000   0.117891    23.622801     45.650726   0.012325         4.694251        0.008582       1.436216    52.173913             51.789000         93.264950               25                 True
           0.935000   0.126507    20.170536     34.337739   0.010319         3.930359        0.007475       1.380605    24.000000             23.804012         93.264950               11                 True
           0.950000   0.131889    23.786874     43.794099   0.013054         4.971951        0.007475       1.746482    20.869565             20.697063         93.200250               10                 True
           0.950000   0.131889    23.786874     43.794099   0.013054         4.971951        0.007475       1.746482    20.869565             20.697063         93.200250               10                 True
           0.975000   0.145586     5.945211     10.631831   0.002798         1.065713        0.006493       0.430941     7.304348              7.239675         93.200250                3                 True
           0.980000   0.149757    10.655894     19.325130   0.005050         1.923398        0.004405       1.146345     7.304348              7.242024         93.200250                3                 True
           0.985000   0.155141     7.423624     11.576738   0.002999         1.142305        0.004405       0.680814     5.217391              5.172098         93.200250                2                 True
           0.987000   0.157913    16.665844     45.401444   0.004979         1.896272        0.001996       2.493768     3.130435              3.102767         92.968550                1                 True
           0.990000   0.162897     4.462993      7.420352   0.000774         0.294911        0.001996       0.387835     2.086957              2.066372         92.658250                1                 True
           1.000000   1.000000          NaN           NaN   0.000000         0.000000        0.000000            NaN     0.000000              0.000000          0.000000                0                False

Logistic coefficients (refit on pre-test window):
                                          term      coef  std_err     z_value  p_value
                                         const -2.342370 0.006550 -357.608775 0.000000
                                     stdev_100 -0.014275 0.026728   -0.534075 0.593289
                                     stdev_500 -0.021694 0.012414   -1.747490 0.080552
                      log1p(amplitude_80ms_w0) -0.026765 0.021090   -1.269086 0.204411
                              ret_vwap_80ms_w0  0.014038 0.014428    0.972938 0.330584
                      log1p(amplitude_80ms_w1)  0.008480 0.017589    0.482121 0.629720
                              ret_vwap_80ms_w1 -0.005333 0.014261   -0.373920 0.708464
                      log1p(amplitude_80ms_w2)  0.012111 0.016270    0.744363 0.456657
                              ret_vwap_80ms_w2 -0.013851 0.012451   -1.112447 0.265946
                               amplitude_1s_w0 -0.017706 0.019744   -0.896765 0.369844
                                ret_vwap_1s_w0  0.060665 0.017720    3.423515 0.000618
                        log1p(amplitude_1s_w1) -0.046259 0.015178   -3.047834 0.002305
                                ret_vwap_1s_w1  0.074882 0.029646    2.525897 0.011540
                        log1p(amplitude_1s_w2) -0.030058 0.015025   -2.000567 0.045439
                                ret_vwap_1s_w2  0.011199 0.035689    0.313805 0.753669
                               amplitude_5s_w0  0.007738 0.017916    0.431910 0.665807
                                ret_vwap_5s_w0 -0.021932 0.019454   -1.127420 0.259565
                               amplitude_5s_w1 -0.027876 0.017548   -1.588528 0.112167
                                ret_vwap_5s_w1  0.028526 0.031383    0.908938 0.363383
                               amplitude_5s_w2  0.012165 0.018074    0.673064 0.500907
                                ret_vwap_5s_w2 -0.008438 0.041543   -0.203106 0.839052
                              amplitude_30s_w0 -0.006412 0.016499   -0.388610 0.697565
                               ret_vwap_30s_w0 -0.027514 0.020030   -1.373643 0.169553
                              amplitude_30s_w1 -0.052037 0.015210   -3.421317 0.000623
                               ret_vwap_30s_w1  0.032937 0.029044    1.134039 0.256778
                              amplitude_30s_w2 -0.001600 0.014791   -0.108171 0.913860
                               ret_vwap_30s_w2 -0.002255 0.038895   -0.057978 0.953766
                             amplitude_300s_w0  0.039452 0.016615    2.374455 0.017575
                              ret_vwap_300s_w0  0.012435 0.016882    0.736548 0.461397
                             amplitude_300s_w1  0.025670 0.015712    1.633757 0.102310
                              ret_vwap_300s_w1 -0.023069 0.027443   -0.840600 0.400572
                             amplitude_300s_w2 -0.014400 0.015046   -0.957092 0.338521
                              ret_vwap_300s_w2 -0.030778 0.036775   -0.836919 0.402638
                       log1p(max_size_80ms_w0)  0.030895 0.023786    1.298851 0.193995
                       log1p(avg_size_80ms_w0)  0.033225 0.011360    2.924777 0.003447
                     log1p(same_count_80ms_w0)  0.040778 0.010187    4.003095 0.000063
                             opp_count_80ms_w0  0.006466 0.032025    0.201898 0.839997
                     log1p(total_same_80ms_w0) -0.031756 0.011902   -2.668237 0.007625
                      log1p(total_opp_80ms_w0) -0.089227 0.026073   -3.422143 0.000621
                       log1p(max_size_80ms_w1)  0.019364 0.022846    0.847609 0.396656
                       log1p(avg_size_80ms_w1) -0.018802 0.010362   -1.814590 0.069587
                     log1p(same_count_80ms_w1) -0.005487 0.011020   -0.497883 0.618567
                      log1p(opp_count_80ms_w1) -0.038568 0.024549   -1.571063 0.116168
                     log1p(total_same_80ms_w1)  0.010989 0.011832    0.928757 0.353015
                      log1p(total_opp_80ms_w1)  0.014817 0.023121    0.640866 0.521610
                       log1p(max_size_80ms_w2) -0.026039 0.023448   -1.110475 0.266794
                       log1p(avg_size_80ms_w2)  0.012516 0.010141    1.234115 0.217160
                     log1p(same_count_80ms_w2) -0.003117 0.012256   -0.254300 0.799263
                      log1p(opp_count_80ms_w2) -0.037684 0.023125   -1.629547 0.103197
                     log1p(total_same_80ms_w2)  0.005534 0.013015    0.425173 0.670710
                      log1p(total_opp_80ms_w2)  0.040926 0.022456    1.822524 0.068375
                                max_size_1s_w0 -0.003886 0.009112   -0.426414 0.669806
                                avg_size_1s_w0 -0.032245 0.010145   -3.178313 0.001481
                       log1p(same_count_1s_w0) -0.053847 0.016346   -3.294281 0.000987
                               opp_count_1s_w0  0.024587 0.026498    0.927856 0.353482
                       log1p(total_same_1s_w0)  0.034688 0.014981    2.315543 0.020583
                        log1p(total_opp_1s_w0) -0.014133 0.015335   -0.921656 0.356708
                         log1p(max_size_1s_w1) -0.019819 0.017341   -1.142926 0.253069
                                avg_size_1s_w1  0.001936 0.008016    0.241469 0.809191
                       log1p(same_count_1s_w1)  0.012234 0.017754    0.689074 0.490776
                        log1p(opp_count_1s_w1) -0.008185 0.018228   -0.449054 0.653393
                       log1p(total_same_1s_w1)  0.042463 0.016769    2.532333 0.011331
                        log1p(total_opp_1s_w1)  0.041306 0.017530    2.356377 0.018454
                         log1p(max_size_1s_w2) -0.015083 0.017620   -0.856017 0.391988
                                avg_size_1s_w2  0.004824 0.008128    0.593470 0.552867
                       log1p(same_count_1s_w2)  0.018143 0.018109    1.001877 0.316403
                        log1p(opp_count_1s_w2) -0.027564 0.017487   -1.576268 0.114964
                       log1p(total_same_1s_w2)  0.031675 0.017173    1.844489 0.065112
                        log1p(total_opp_1s_w2)  0.011240 0.017279    0.650507 0.515365
                                max_size_5s_w0  0.014246 0.009825    1.450026 0.147051
                                avg_size_5s_w0  0.030716 0.011222    2.737203 0.006196
                       log1p(same_count_5s_w0)  0.032592 0.024667    1.321300 0.186401
                               opp_count_5s_w0  0.009088 0.054226    0.167586 0.866909
                       log1p(total_same_5s_w0) -0.052748 0.022489   -2.345557 0.018999
                               total_opp_5s_w0 -0.015558 0.015960   -0.974788 0.329665
                                max_size_5s_w1  0.012464 0.008573    1.453861 0.145985
                                avg_size_5s_w1  0.013899 0.009393    1.479604 0.138979
                       log1p(same_count_5s_w1)  0.034798 0.019169    1.815352 0.069470
                               opp_count_5s_w1  0.057804 0.046300    1.248479 0.211856
                       log1p(total_same_5s_w1) -0.020373 0.018354   -1.109999 0.266999
                        log1p(total_opp_5s_w1) -0.005751 0.013162   -0.436919 0.662170
                                max_size_5s_w2 -0.004990 0.011051   -0.451572 0.651578
                                avg_size_5s_w2  0.000063 0.009660    0.006550 0.994774
                       log1p(same_count_5s_w2)  0.023446 0.018583    1.261718 0.207050
                               opp_count_5s_w2  0.073525 0.047700    1.541395 0.123221
                       log1p(total_same_5s_w2) -0.005319 0.018514   -0.287270 0.773905
                        log1p(total_opp_5s_w2)  0.008297 0.013245    0.626435 0.531029
                               max_size_30s_w0 -0.015932 0.013408   -1.188290 0.234719
                               avg_size_30s_w0 -0.012171 0.012663   -0.961171 0.336466
                             same_count_30s_w0  0.015868 0.488702    0.032469 0.974098
                              opp_count_30s_w0 -0.014271 0.479284   -0.029777 0.976245
                             total_same_30s_w0  0.045384 0.021870    2.075160 0.037972
                              total_opp_30s_w0 -0.019360 0.022094   -0.876259 0.380889
                               max_size_30s_w1 -0.023309 0.010131   -2.300810 0.021402
                               avg_size_30s_w1  0.016400 0.009597    1.708819 0.087485
                             same_count_30s_w1 -0.128316 0.279914   -0.458411 0.646657
                              opp_count_30s_w1  0.185689 0.274210    0.677179 0.498292
                             total_same_30s_w1  0.010061 0.021789    0.461740 0.644268
                              total_opp_30s_w1 -0.037199 0.020042   -1.856047 0.063447
                               max_size_30s_w2 -0.004280 0.008924   -0.479606 0.631508
                               avg_size_30s_w2 -0.004812 0.009411   -0.511344 0.609110
                             same_count_30s_w2 -0.021984 0.252061   -0.087217 0.930499
                              opp_count_30s_w2  0.001553 0.250581    0.006196 0.995057
                             total_same_30s_w2 -0.023363 0.020983   -1.113421 0.265528
                              total_opp_30s_w2  0.029510 0.019436    1.518352 0.128926
                              max_size_300s_w0  0.010666 0.009772    1.091403 0.275096
                              avg_size_300s_w0 -0.014245 0.013237   -1.076112 0.281877
                            same_count_300s_w0 -0.182386 1.474548   -0.123689 0.901561
                             opp_count_300s_w0  0.085167 1.472632    0.057833 0.953882
                            total_same_300s_w0  0.014631 0.034020    0.430053 0.667157
                             total_opp_300s_w0  0.060641 0.034108    1.777950 0.075412
                              max_size_300s_w1  0.007419 0.007644    0.970469 0.331813
                              avg_size_300s_w1  0.015757 0.010312    1.528036 0.126504
                            same_count_300s_w1 -0.088378 1.130318   -0.078188 0.937678
                             opp_count_300s_w1  0.059804 1.125821    0.053121 0.957636
                            total_same_300s_w1  0.002328 0.027432    0.084869 0.932366
                             total_opp_300s_w1  0.003942 0.027858    0.141518 0.887461
                              max_size_300s_w2  0.015086 0.007609    1.982783 0.047392
                              avg_size_300s_w2  0.012010 0.010157    1.182482 0.237015
                            same_count_300s_w2 -0.023558 1.008399   -0.023362 0.981362
                             opp_count_300s_w2  0.077541 1.008725    0.076870 0.938727
                            total_same_300s_w2 -0.026283 0.025069   -1.048450 0.294432
                             total_opp_300s_w2 -0.028024 0.025944   -1.080163 0.280069
                           ret_autocov_80ms_w0 -0.008190 0.006813   -1.202123 0.229316
                               ret_sum_80ms_w0  0.007030 0.021617    0.325178 0.745046
                log1p(trade_intensity_80ms_w0) -0.018456 0.009492   -1.944302 0.051859
                           ret_autocov_80ms_w1 -0.028295 0.013155   -2.150809 0.031491
                               ret_sum_80ms_w1 -0.014184 0.012901   -1.099447 0.271573
                log1p(trade_intensity_80ms_w1)  0.023171 0.017740    1.306131 0.191508
                           ret_autocov_80ms_w2  0.015266 0.009888    1.543879 0.122618
                               ret_sum_80ms_w2 -0.023622 0.011421   -2.068386 0.038604
                log1p(trade_intensity_80ms_w2)  0.010881 0.018217    0.597263 0.550332
                             ret_autocov_1s_w0  0.004946 0.009706    0.509563 0.610358
                                 ret_sum_1s_w0  0.129206 0.040234    3.211351 0.001321
                         trade_intensity_1s_w0  0.006665 0.004845    1.375533 0.168966
                             ret_autocov_1s_w1  0.006655 0.008156    0.815981 0.414511
                                 ret_sum_1s_w1  0.011893 0.025339    0.469344 0.638824
                  log1p(trade_intensity_1s_w1) -0.008261 0.016710   -0.494392 0.621029
                             ret_autocov_1s_w2 -0.005110 0.006724   -0.760014 0.447246
                                 ret_sum_1s_w2 -0.021790 0.013850   -1.573273 0.115656
                  log1p(trade_intensity_1s_w2)  0.011827 0.016388    0.721706 0.470475
                             ret_autocov_5s_w0 -0.013196 0.012046   -1.095426 0.273330
                                 ret_sum_5s_w0 -0.008321 0.048492   -0.171593 0.863758
                         trade_intensity_5s_w0  0.011495 0.047035    0.244390 0.806928
                             ret_autocov_5s_w1 -0.007307 0.007321   -0.997997 0.318281
                                 ret_sum_5s_w1  0.018510 0.037519    0.493334 0.621777
                         trade_intensity_5s_w1 -0.047233 0.047100   -1.002814 0.315950
                             ret_autocov_5s_w2  0.009086 0.010521    0.863603 0.387806
                                 ret_sum_5s_w2  0.021409 0.028667    0.746817 0.455174
                         trade_intensity_5s_w2 -0.094417 0.048660   -1.940334 0.052339
                            ret_autocov_30s_w0  0.001672 0.012350    0.135384 0.892308
                                ret_sum_30s_w0 -0.026370 0.047002   -0.561035 0.574774
                        trade_intensity_30s_w0 -0.017146 0.905266   -0.018940 0.984889
                            ret_autocov_30s_w1  0.007759 0.010168    0.763092 0.445409
                                ret_sum_30s_w1  0.070168 0.035831    1.958303 0.050194
                        trade_intensity_30s_w1  0.032495 0.514923    0.063107 0.949681
                            ret_autocov_30s_w2 -0.006191 0.008157   -0.759014 0.447844
                                ret_sum_30s_w2  0.022917 0.028428    0.806152 0.420155
                        trade_intensity_30s_w2 -0.008745 0.467453   -0.018708 0.985074
                           ret_autocov_300s_w0 -0.000592 0.010661   -0.055535 0.955713
                               ret_sum_300s_w0 -0.022288 0.042358   -0.526179 0.598764
                       trade_intensity_300s_w0 -0.028030 2.908961   -0.009636 0.992312
                           ret_autocov_300s_w1 -0.030368 0.009093   -3.339667 0.000839
                               ret_sum_300s_w1 -0.035971 0.029202   -1.231824 0.218015
                       trade_intensity_300s_w1 -0.015001 2.228485   -0.006731 0.994629
                           ret_autocov_300s_w2 -0.010514 0.007680   -1.369081 0.170974
                               ret_sum_300s_w2 -0.016917 0.017882   -0.946011 0.344143
                       trade_intensity_300s_w2  0.027201 1.993004    0.013648 0.989111
                                  top_near_liq  0.030375 0.011090    2.738932 0.006164
                                   top_opp_liq -0.062325 0.011182   -5.573863 0.000000
                                  ob_near_half -0.121337 0.012116  -10.014907 0.000000
                                     totb_mean  0.002584 0.006521    0.396312 0.691875
                                    log1p(age)  0.097201 0.007939   12.243245 0.000000
                                    is_weekend -0.024624 0.007739   -3.181593 0.001465
  opp_count_80ms_w0 * log1p(total_opp_80ms_w0)  0.003022 0.019661    0.153721 0.877830
       top_near_liq * log1p(total_opp_80ms_w0)  0.062078 0.011615    5.344659 0.000000
                ob_near_half * opp_count_1s_w0  0.026984 0.011314    2.384909 0.017083
            ret_vwap_80ms_w1 * opp_count_1s_w0  0.003433 0.007985    0.429919 0.667255
    log1p(amplitude_80ms_w0) * amplitude_1s_w0  0.027304 0.014198    1.923070 0.054471
log1p(amplitude_80ms_w0) * ret_autocov_300s_w1  0.013037 0.009044    1.441473 0.149451

Shadow consistency backtest (validation-stage selected threshold on test days):
 threshold_quantile  threshold  Sharpe1H365  Sortino1H365  ReturnPct  AnnualReturnPct  MaxDrawdownPct  ReturnOverMDD  DailyTrades  DailyTradingValuePct  MaxPositionValue  roundtrip_count  valid_for_selection
           0.950000   0.167410     5.750436     10.154618   0.002458         0.936140        0.004492       0.547192     2.086957              2.068129         93.264950                1                 True

Applied refit-period threshold for test: logistic=0.131888870895

Test balanced-inventory backtest (Logistic, selected threshold, refit on pre-test window):
 threshold_quantile  threshold  Sharpe1H365  Sortino1H365  ReturnPct  AnnualReturnPct  MaxDrawdownPct  ReturnOverMDD  DailyTrades  DailyTradingValuePct  MaxPositionValue  roundtrip_count  valid_for_selection
           0.950000   0.131889    23.786874     43.794099   0.013054         4.971951        0.007475       1.746482    20.869565             20.697063         93.200250               10                 True
