Fill surface OLS:
  R^2 = 0.893028
       term      coef  std_err  p_value
      const  0.515403 0.001368 0.000000
q_near_norm  0.035821 0.003663 0.000000
 q_opp_norm  0.023776 0.003666 0.000000
  imbalance -0.380262 0.002927 0.000000

Fill-probability gates:
                   name  threshold  selected_quantile  total_count  kept_count  kept_share  min_count_floor  kept_fill_count  min_fill_floor  floor_met
     dataset_gate_train   0.803210           0.800000      1494370      303532    0.203117              250    251462.000000       25.000000       True
trading_gate_validation   0.856308           0.980000     30239998      604800    0.020000              250              NaN             NaN       True
     dataset_gate_refit   0.803618           0.800000      1564476      316073    0.202031              250    261423.000000       25.000000       True
      trading_gate_test   0.853037           0.980000     30240000      604800    0.020000              250              NaN             NaN       True

Logistic train / validation / test metrics:
     split  n_orders  pos_rate  roc_auc  avg_precision  log_loss    brier  accuracy@0.5
     train    303531  0.082361 0.585600       0.111065  0.280997 0.075020      0.917643
validation     41134  0.088807 0.578273       0.118330  0.297814 0.080537      0.911193
      test     21963  0.079953 0.580791       0.107573  0.275529 0.073090      0.920002

Validation balanced-inventory backtest (Logistic):
 threshold_quantile  threshold  Sharpe1H365  Sortino1H365  ReturnPct  AnnualReturnPct  MaxDrawdownPct  ReturnOverMDD  DailyTrades  DailyTradingValuePct  MaxPositionValue  roundtrip_count  valid_for_selection
           0.800000   0.090721    10.743338     18.240815   0.015518         2.892213        0.014212       1.091859   151.659574            149.975347         89.275650              148                 True
           0.850000   0.095989     5.837593      9.608223   0.009029         1.682821        0.010498       0.860075   114.893617            113.630757         89.275650              112                 True
           0.855000   0.096557     6.756557     11.652289   0.011029         2.055614        0.010583       1.042103   112.851064            111.612333         89.275650              110                 True
           0.900000   0.103479    13.369050     22.053041   0.021091         3.930948        0.011022       1.913552    79.148936             78.355868         89.275650               77                 True
           0.900000   0.103479    13.369050     22.053041   0.021091         3.930948        0.011022       1.913552    79.148936             78.355868         89.275650               77                 True
           0.935000   0.111832     5.418116      8.251605   0.008429         1.571053        0.024558       0.343238    41.361702             40.979417         89.275650               40                 True
           0.950000   0.116976     3.530035      5.345401   0.005204         0.970028        0.019587       0.265716    32.170213             31.875203         89.275650               31                 True
           0.950000   0.116976     3.530035      5.345401   0.005204         0.970028        0.019587       0.265716    32.170213             31.875203         89.275650               31                 True
           0.975000   0.130348    -5.643996     -7.320344  -0.008881        -1.655246        0.026696      -0.332670    16.851064             16.728580         89.275650               16                 True
           0.980000   0.134536     3.627753      5.222008   0.006271         1.168767        0.021828       0.287287    12.765957             12.678923         89.275650               12                 True
           0.985000   0.139620     1.082995      1.538033   0.001906         0.355323        0.024532       0.077713     8.680851              8.620361         89.275650                8                 True
           0.987000   0.141992     5.206766      7.760659   0.008994         1.676297        0.024532       0.366623     8.680851              8.615879         89.275650                8                 True
           0.990000   0.147270     1.588452      2.251233   0.002839         0.529071        0.027089       0.104790     3.574468              3.551253         89.275650                3                 True
           1.000000   0.492042          NaN           NaN   0.000000         0.000000        0.000000            NaN     0.000000              0.000000          0.000000                0                False

Validation score-grid thresholds: (0.090720994771, 0.095988924801, 0.096557326615, 0.103478817642, 0.103478817642, 0.11183156848, 0.116975988448, 0.116975988448, 0.130348065495, 0.134535858631, 0.139619611502, 0.14199189496, 0.147269684672, 0.492041885853)

Selected threshold quantile: logistic=0.98, validation_threshold=0.134535858631

Shadow consistency threshold sweep (validation-stage model/gates on test days):
 threshold_quantile  threshold  Sharpe1H365  Sortino1H365  ReturnPct  AnnualReturnPct  MaxDrawdownPct  ReturnOverMDD  DailyTrades  DailyTradingValuePct  MaxPositionValue  roundtrip_count  valid_for_selection
           0.800000   0.090721   -54.918412    -48.735801  -0.049675       -18.919618        0.049675      -1.000000   188.869565            188.884654         89.363850               90                 True
           0.850000   0.095989   -51.856485    -46.913023  -0.040399       -15.386929        0.041045      -0.984283   126.260870            126.243513         89.363850               60                 True
           0.855000   0.096557   -52.427168    -47.265764  -0.040703       -15.502624        0.041045      -0.991684   124.173913            124.134671         89.363850               59                 True
           0.900000   0.103479   -27.183432    -28.084141  -0.021613        -8.231828        0.030155      -0.716749    90.782609             90.737063         89.203050               43                 True
           0.900000   0.103479   -27.183432    -28.084141  -0.021613        -8.231828        0.030155      -0.716749    90.782609             90.737063         89.203050               43                 True
           0.935000   0.111832   -37.027554    -36.630712  -0.029747       -11.329582        0.035811      -0.830647    57.391304             57.345533         89.363850               27                 True
           0.950000   0.116976   -26.593585    -29.685633  -0.023863        -9.088813        0.028275      -0.843968    46.956522             46.906553         89.363850               22                 True
           0.950000   0.116976   -26.593585    -29.685633  -0.023863        -9.088813        0.028275      -0.843968    46.956522             46.906553         89.363850               22                 True
           0.975000   0.130348     2.432227      3.912793   0.001710         0.651435        0.013918       0.122893    20.869565             20.866294         89.203050               10                 True
           0.980000   0.134536    11.108338     19.080696   0.004773         1.817951        0.006712       0.711138     9.391304              9.378581         89.203050                4                 True
           0.985000   0.139620    19.948941     31.961813   0.022309         8.496764        0.012396       1.799640     7.304348              7.288065         89.363850                3                 True
           0.987000   0.141992    15.587943     24.849377   0.017345         6.606138        0.012396       1.399200     7.304348              7.282886         89.363850                3                 True
           0.990000   0.147270   -15.010784    -19.526075  -0.016398        -6.245643        0.020991      -0.781218     3.130435              3.134573         89.363850                1                 True
           1.000000   0.492042          NaN           NaN   0.000000         0.000000        0.000000            NaN     0.000000              0.000000          0.000000                0                False

Test balanced-inventory threshold sweep (Logistic, refit on pre-test window):
 threshold_quantile  threshold  Sharpe1H365  Sortino1H365  ReturnPct  AnnualReturnPct  MaxDrawdownPct  ReturnOverMDD  DailyTrades  DailyTradingValuePct  MaxPositionValue  roundtrip_count  valid_for_selection
           0.800000   0.095245   -29.770273    -30.719547  -0.026847       -10.225219        0.033055      -0.812185   159.652174            159.626313         89.363850               76                 True
           0.850000   0.100451   -15.785656    -17.592556  -0.013324        -5.074835        0.020708      -0.643435   113.739130            113.712880         89.363850               54                 True
           0.855000   0.101085   -14.160075    -15.838901  -0.011982        -4.563428        0.020708      -0.578594   109.565217            109.536962         89.363850               52                 True
           0.900000   0.107853   -24.462039    -25.944496  -0.022516        -8.575494        0.031561      -0.713392    80.347826             80.335426         89.363850               38                 True
           0.900000   0.107853   -24.462039    -25.944496  -0.022516        -8.575494        0.031561      -0.713392    80.347826             80.335426         89.363850               38                 True
           0.935000   0.116117   -20.672814    -22.467697  -0.016905        -6.438507        0.029803      -0.567224    49.043478             49.020469         89.363850               23                 True
           0.950000   0.121259   -11.793957    -13.558267  -0.010061        -3.831891        0.027998      -0.359337    44.869565             44.841061         89.363850               21                 True
           0.950000   0.121259   -11.793957    -13.558267  -0.010061        -3.831891        0.027998      -0.359337    44.869565             44.841061         89.363850               21                 True
           0.975000   0.135163     5.767945      8.054160   0.005886         2.241864        0.012396       0.474834    10.434783             10.435368         89.363850                5                 True
           0.980000   0.139741     5.767945      8.054160   0.005886         2.241864        0.012396       0.474834    10.434783             10.435368         89.363850                5                 True
           0.985000   0.145636    12.483101     22.461266   0.003784         1.441144        0.003060       1.236432     6.260870              6.242907         88.785750                3                 True
           0.987000   0.148439    -9.269171    -12.425242  -0.010435        -3.974359        0.020991      -0.497121     3.130435              3.128350         89.363850                1                 True
           0.990000   0.154014   -47.808255    -43.454401  -0.010730        -4.086757        0.011097      -0.966946     2.086957              2.086460         88.785750                1                 True
           1.000000   0.999979          NaN           NaN   0.000000         0.000000        0.000000            NaN     0.000000              0.000000          0.000000                0                False

Logistic coefficients (refit on pre-test window):
                                          term      coef   std_err     z_value  p_value
                                         const -2.463689  0.006723 -366.449202 0.000000
                                     stdev_100  0.003489  0.029831    0.116972 0.906882
                                     stdev_500 -0.015628  0.012789   -1.221994 0.221710
                      log1p(amplitude_80ms_w0) -0.115432  0.021852   -5.282350 0.000000
                              ret_vwap_80ms_w0  0.021608  0.014030    1.540195 0.123513
                      log1p(amplitude_80ms_w1)  0.020838  0.018623    1.118922 0.263173
                              ret_vwap_80ms_w1  0.024408  0.014441    1.690182 0.090993
                      log1p(amplitude_80ms_w2)  0.010514  0.016895    0.622311 0.533737
                              ret_vwap_80ms_w2 -0.017730  0.012051   -1.471208 0.141235
                               amplitude_1s_w0 -0.043139  0.020702   -2.083785 0.037180
                                ret_vwap_1s_w0  0.024308  0.017799    1.365731 0.172023
                        log1p(amplitude_1s_w1)  0.013260  0.016022    0.827607 0.407893
                                ret_vwap_1s_w1  0.012100  0.028849    0.419423 0.674907
                        log1p(amplitude_1s_w2) -0.012296  0.015854   -0.775590 0.437991
                                ret_vwap_1s_w2  0.016096  0.035893    0.448443 0.653834
                               amplitude_5s_w0 -0.021149  0.018384   -1.150437 0.249964
                                ret_vwap_5s_w0 -0.002583  0.020122   -0.128383 0.897846
                               amplitude_5s_w1 -0.027424  0.017779   -1.542512 0.122949
                                ret_vwap_5s_w1 -0.021465  0.031720   -0.676697 0.498598
                               amplitude_5s_w2 -0.021111  0.018509   -1.140552 0.254056
                                ret_vwap_5s_w2  0.105065  0.042662    2.462736 0.013788
                              amplitude_30s_w0 -0.001052  0.017170   -0.061268 0.951146
                               ret_vwap_30s_w0 -0.014772  0.020444   -0.722577 0.469940
                              amplitude_30s_w1 -0.000544  0.015817   -0.034380 0.972574
                               ret_vwap_30s_w1  0.015408  0.029240    0.526945 0.598232
                              amplitude_30s_w2  0.021622  0.015480    1.396760 0.162486
                               ret_vwap_30s_w2 -0.123944  0.039096   -3.170221 0.001523
                             amplitude_300s_w0  0.041258  0.017575    2.347486 0.018901
                              ret_vwap_300s_w0  0.032604  0.016465    1.980182 0.047683
                             amplitude_300s_w1  0.019094  0.016713    1.142491 0.253250
                              ret_vwap_300s_w1  0.026604  0.027103    0.981583 0.326305
                             amplitude_300s_w2 -0.002156  0.016169   -0.133323 0.893938
                              ret_vwap_300s_w2  0.012827  0.035896    0.357326 0.720848
                       log1p(max_size_80ms_w0)  0.065079  0.024836    2.620324 0.008785
                       log1p(avg_size_80ms_w0)  0.021321  0.011207    1.902401 0.057119
                     log1p(same_count_80ms_w0)  0.053526  0.009891    5.411393 0.000000
                             opp_count_80ms_w0  0.117252  0.033009    3.552125 0.000382
                     log1p(total_same_80ms_w0) -0.035204  0.011739   -2.998983 0.002709
                      log1p(total_opp_80ms_w0) -0.131348  0.026693   -4.920628 0.000001
                       log1p(max_size_80ms_w1) -0.030603  0.022981   -1.331653 0.182974
                       log1p(avg_size_80ms_w1)  0.003866  0.009881    0.391314 0.695565
                     log1p(same_count_80ms_w1) -0.018661  0.010988   -1.698289 0.089453
                      log1p(opp_count_80ms_w1) -0.052991  0.025647   -2.066210 0.038809
                     log1p(total_same_80ms_w1)  0.033730  0.011403    2.957938 0.003097
                      log1p(total_opp_80ms_w1)  0.058564  0.023588    2.482780 0.013036
                       log1p(max_size_80ms_w2) -0.029801  0.024027   -1.240295 0.214866
                       log1p(avg_size_80ms_w2) -0.011455  0.010625   -1.078141 0.280971
                     log1p(same_count_80ms_w2)  0.011456  0.012286    0.932443 0.351108
                      log1p(opp_count_80ms_w2) -0.037483  0.024016   -1.560733 0.118587
                     log1p(total_same_80ms_w2) -0.000005  0.012965   -0.000384 0.999693
                      log1p(total_opp_80ms_w2)  0.046861  0.023357    2.006344 0.044820
                                max_size_1s_w0 -0.001728  0.009642   -0.179250 0.857741
                                avg_size_1s_w0 -0.015791  0.009815   -1.608854 0.107648
                       log1p(same_count_1s_w0) -0.048639  0.016191   -3.004193 0.002663
                               opp_count_1s_w0  0.046077  0.027976    1.646983 0.099562
                       log1p(total_same_1s_w0)  0.023771  0.015054    1.579003 0.114335
                        log1p(total_opp_1s_w0) -0.016864  0.017982   -0.937829 0.348332
                         log1p(max_size_1s_w1)  0.007867  0.017988    0.437353 0.661855
                                avg_size_1s_w1  0.002176  0.008343    0.260825 0.794228
                       log1p(same_count_1s_w1) -0.024884  0.017824   -1.396127 0.162676
                        log1p(opp_count_1s_w1) -0.004103  0.018424   -0.222676 0.823788
                       log1p(total_same_1s_w1)  0.003130  0.017365    0.180234 0.856969
                        log1p(total_opp_1s_w1)  0.010460  0.018309    0.571312 0.567788
                         log1p(max_size_1s_w2) -0.004706  0.018096   -0.260030 0.794840
                                avg_size_1s_w2  0.006494  0.008066    0.805153 0.420732
                       log1p(same_count_1s_w2)  0.046922  0.018389    2.551639 0.010722
                        log1p(opp_count_1s_w2) -0.010856  0.017674   -0.614224 0.539067
                       log1p(total_same_1s_w2)  0.016799  0.017767    0.945547 0.344380
                        log1p(total_opp_1s_w2) -0.017496  0.017935   -0.975511 0.329307
                                max_size_5s_w0 -0.007796  0.009713   -0.802558 0.422230
                                avg_size_5s_w0  0.006704  0.011880    0.564320 0.572536
                       log1p(same_count_5s_w0)  0.020939  0.024361    0.859513 0.390058
                               opp_count_5s_w0 -0.005077  0.044575   -0.113893 0.909322
                       log1p(total_same_5s_w0) -0.039176  0.022863   -1.713507 0.086619
                        log1p(total_opp_5s_w0)  0.029549  0.018619    1.587041 0.112503
                                max_size_5s_w1  0.004494  0.008228    0.546198 0.584930
                                avg_size_5s_w1 -0.000723  0.009257   -0.078098 0.937750
                       log1p(same_count_5s_w1)  0.031662  0.018809    1.683370 0.092303
                               opp_count_5s_w1 -0.026481  0.046625   -0.567947 0.570071
                       log1p(total_same_5s_w1)  0.013258  0.018673    0.710042 0.477678
                        log1p(total_opp_5s_w1)  0.007101  0.013344    0.532177 0.594604
                                max_size_5s_w2 -0.013510  0.009893   -1.365541 0.172083
                                avg_size_5s_w2 -0.017190  0.009607   -1.789353 0.073558
                       log1p(same_count_5s_w2)  0.012437  0.018332    0.678424 0.497503
                               opp_count_5s_w2  0.165834  0.049723    3.335143 0.000853
                       log1p(total_same_5s_w2)  0.041182  0.018857    2.183901 0.028970
                        log1p(total_opp_5s_w2)  0.010828  0.013387    0.808828 0.418614
                               max_size_30s_w0  0.018796  0.010621    1.769676 0.076781
                               avg_size_30s_w0  0.006531  0.012853    0.508092 0.611389
                             same_count_30s_w0  0.001469  0.731515    0.002008 0.998398
                              opp_count_30s_w0  0.032883  0.733281    0.044844 0.964232
                      log1p(total_same_30s_w0) -0.085999  0.020056   -4.287960 0.000018
                              total_opp_30s_w0 -0.030430  0.020769   -1.465172 0.142874
                               max_size_30s_w1 -0.004806  0.008783   -0.547143 0.584281
                               avg_size_30s_w1  0.014124  0.009775    1.444921 0.148480
                             same_count_30s_w1 -0.048561  0.607972   -0.079874 0.936337
                              opp_count_30s_w1  0.092480  0.608348    0.152019 0.879172
                      log1p(total_same_30s_w1)  0.003542  0.015269    0.231944 0.816581
                              total_opp_30s_w1 -0.007451  0.019566   -0.380803 0.703349
                               max_size_30s_w2 -0.006700  0.008792   -0.762035 0.446039
                               avg_size_30s_w2  0.012862  0.009604    1.339212 0.180502
                             same_count_30s_w2  0.075985  0.584830    0.129926 0.896625
                              opp_count_30s_w2 -0.067098  0.587554   -0.114198 0.909081
                      log1p(total_same_30s_w2) -0.022565  0.015000   -1.504367 0.132487
                              total_opp_30s_w2  0.015972  0.020285    0.787353 0.431075
                              max_size_300s_w0  0.000485  0.009692    0.050038 0.960092
                              avg_size_300s_w0 -0.016009  0.012928   -1.238336 0.215591
                            same_count_300s_w0 -0.344164  5.411679   -0.063597 0.949291
                             opp_count_300s_w0  0.206499  5.410612    0.038166 0.969556
                            total_same_300s_w0  0.078111  0.029444    2.652854 0.007981
                             total_opp_300s_w0  0.068481  0.035792    1.913304 0.055709
                              max_size_300s_w1 -0.004317  0.008308   -0.519545 0.603380
                              avg_size_300s_w1  0.017797  0.010120    1.758528 0.078658
                            same_count_300s_w1  0.034506  4.458312    0.007740 0.993825
                             opp_count_300s_w1 -0.017326  4.421230   -0.003919 0.996873
                            total_same_300s_w1 -0.076283  0.031326   -2.435092 0.014888
                             total_opp_300s_w1  0.041188  0.029799    1.382200 0.166910
                              max_size_300s_w2 -0.003854  0.008271   -0.465934 0.641263
                              avg_size_300s_w2  0.014089  0.009716    1.450121 0.147025
                            same_count_300s_w2  0.059358  4.450653    0.013337 0.989359
                             opp_count_300s_w2 -0.064940  4.462892   -0.014551 0.988390
                            total_same_300s_w2  0.022492  0.028665    0.784657 0.432654
                             total_opp_300s_w2  0.001731  0.029755    0.058173 0.953611
                           ret_autocov_80ms_w0 -0.010875  0.005406   -2.011655 0.044256
                               ret_sum_80ms_w0  0.031134  0.021182    1.469838 0.141606
                       trade_intensity_80ms_w0  0.008357  0.006144    1.360052 0.173813
                           ret_autocov_80ms_w1  0.004155  0.006524    0.636917 0.524179
                               ret_sum_80ms_w1 -0.031212  0.013325   -2.342258 0.019167
                log1p(trade_intensity_80ms_w1)  0.013792  0.018444    0.747764 0.454603
                           ret_autocov_80ms_w2  0.007176  0.007786    0.921562 0.356757
                               ret_sum_80ms_w2 -0.011977  0.011592   -1.033205 0.301508
                log1p(trade_intensity_80ms_w2)  0.026467  0.018829    1.405675 0.159821
                             ret_autocov_1s_w0  0.006515  0.010044    0.648687 0.516541
                                 ret_sum_1s_w0  0.069912  0.039959    1.749602 0.080187
                         trade_intensity_1s_w0  0.003348  0.005101    0.656262 0.511656
                             ret_autocov_1s_w1 -0.008601  0.008154   -1.054875 0.291483
                                 ret_sum_1s_w1  0.018997  0.025680    0.739758 0.459447
                  log1p(trade_intensity_1s_w1) -0.005942  0.016525   -0.359594 0.719151
                             ret_autocov_1s_w2  0.002642  0.008189    0.322644 0.746965
                                 ret_sum_1s_w2 -0.025645  0.014410   -1.779681 0.075128
                  log1p(trade_intensity_1s_w2)  0.001173  0.016368    0.071649 0.942881
                             ret_autocov_5s_w0 -0.002977  0.013200   -0.225503 0.821588
                                 ret_sum_5s_w0  0.048649  0.047245    1.029702 0.303150
                         trade_intensity_5s_w0  0.026881  0.040322    0.666674 0.504981
                             ret_autocov_5s_w1 -0.015036  0.007136   -2.107063 0.035112
                                 ret_sum_5s_w1  0.021370  0.037915    0.563636 0.573002
                         trade_intensity_5s_w1  0.001718  0.046397    0.037034 0.970458
                             ret_autocov_5s_w2  0.000504  0.008935    0.056398 0.955025
                                 ret_sum_5s_w2  0.078401  0.029149    2.689657 0.007153
                         trade_intensity_5s_w2 -0.174348  0.051628   -3.376995 0.000733
                            ret_autocov_30s_w0 -0.006212  0.012485   -0.497583 0.618778
                                ret_sum_30s_w0 -0.062258  0.047278   -1.316870 0.187882
                        trade_intensity_30s_w0  0.021271  1.381624    0.015396 0.987717
                            ret_autocov_30s_w1  0.003422  0.009168    0.373203 0.708998
                                ret_sum_30s_w1 -0.039039  0.035991   -1.084691 0.278059
                        trade_intensity_30s_w1 -0.021280  1.151403   -0.018482 0.985255
                            ret_autocov_30s_w2 -0.002107  0.008065   -0.261275 0.793881
                                ret_sum_30s_w2 -0.054223  0.028438   -1.906722 0.056557
                        trade_intensity_30s_w2 -0.049102  1.110913   -0.044200 0.964745
                           ret_autocov_300s_w0  0.004086  0.011225    0.364015 0.715847
                               ret_sum_300s_w0  0.069426  0.042038    1.651497 0.098637
                       trade_intensity_300s_w0 -0.065652 10.711958   -0.006129 0.995110
                           ret_autocov_300s_w1 -0.025585  0.009620   -2.659576 0.007824
                               ret_sum_300s_w1 -0.008112  0.030595   -0.265144 0.790899
                       trade_intensity_300s_w1  0.016587  8.795728    0.001886 0.998495
                           ret_autocov_300s_w2  0.003486  0.008464    0.411843 0.680454
                               ret_sum_300s_w2 -0.021828  0.020119   -1.084952 0.277943
                       trade_intensity_300s_w2 -0.007335  8.828744   -0.000831 0.999337
                                  top_near_liq  0.041703  0.010861    3.839719 0.000123
                                   top_opp_liq -0.075079  0.013125   -5.720193 0.000000
                                  ob_near_half -0.119315  0.012214   -9.768853 0.000000
                                     totb_mean -0.003392  0.006767   -0.501208 0.616225
                                    log1p(age)  0.089368  0.007227   12.365427 0.000000
                                    is_weekend -0.013054  0.007230   -1.805383 0.071015
  opp_count_80ms_w0 * log1p(total_opp_80ms_w0) -0.040710  0.019831   -2.052850 0.040087
       top_near_liq * log1p(total_opp_80ms_w0)  0.058442  0.010328    5.658822 0.000000
                ob_near_half * opp_count_1s_w0  0.032387  0.011639    2.782772 0.005390
            ret_vwap_80ms_w1 * opp_count_1s_w0 -0.003649  0.007789   -0.468443 0.639468
    log1p(amplitude_80ms_w0) * amplitude_1s_w0  0.035186  0.013951    2.522129 0.011665
log1p(amplitude_80ms_w0) * ret_autocov_300s_w1  0.012323  0.009146    1.347418 0.177846

Shadow consistency backtest (validation-stage selected threshold on test days):
 threshold_quantile  threshold  Sharpe1H365  Sortino1H365  ReturnPct  AnnualReturnPct  MaxDrawdownPct  ReturnOverMDD  DailyTrades  DailyTradingValuePct  MaxPositionValue  roundtrip_count  valid_for_selection
           0.980000   0.134536    11.108338     19.080696   0.004773         1.817951        0.006712       0.711138     9.391304              9.378581         89.203050                4                 True

Applied refit-period threshold for test: logistic=0.139740579724

Test balanced-inventory backtest (Logistic, selected threshold, refit on pre-test window):
 threshold_quantile  threshold  Sharpe1H365  Sortino1H365  ReturnPct  AnnualReturnPct  MaxDrawdownPct  ReturnOverMDD  DailyTrades  DailyTradingValuePct  MaxPositionValue  roundtrip_count  valid_for_selection
           0.980000   0.139741     5.767945      8.054160   0.005886         2.241864        0.012396       0.474834    10.434783             10.435368         89.363850                5                 True
