Fill surface OLS:
  R^2 = 0.891040
       term      coef  std_err  p_value
      const  0.523029 0.001381 0.000000
q_near_norm  0.044115 0.003697 0.000000
 q_opp_norm  0.002036 0.003700 0.582136
  imbalance -0.392018 0.002954 0.000000

Fill-probability gates:
                   name  threshold  selected_quantile  total_count  kept_count  kept_share  min_count_floor  kept_fill_count  min_fill_floor  floor_met
     dataset_gate_train   0.801010           0.800000      1554630      313815    0.201858              250    261758.000000       25.000000       True
trading_gate_validation   0.857552           0.980000     30239998      605832    0.020034              250              NaN             NaN       True
     dataset_gate_refit   0.805108           0.800000      1486179      298553    0.200886              250    249641.000000       25.000000       True
      trading_gate_test   0.859748           0.980000     30240000      604800    0.020000              250              NaN             NaN       True

Logistic train / validation / test metrics:
     split  n_orders  pos_rate  roc_auc  avg_precision  log_loss    brier  accuracy@0.5
     train    313815  0.092306 0.573565       0.117481  0.305010 0.083301      0.907700
validation     26496  0.090127 0.595073       0.122715  0.298765 0.081337      0.909760
      test      7663  0.089260 0.592033       0.121153  0.298406 0.080964      0.910348

Validation balanced-inventory backtest (Logistic):
 threshold_quantile  threshold  Sharpe1H365  Sortino1H365  ReturnPct  AnnualReturnPct  MaxDrawdownPct  ReturnOverMDD  DailyTrades  DailyTradingValuePct  MaxPositionValue  roundtrip_count  valid_for_selection
           0.800000   0.112274    15.357348     26.612741   0.010376         1.933871        0.003960       2.620036   180.765957            180.262157         95.702450              177                 True
           0.850000   0.119076    -7.130320     -8.155932  -0.007549        -1.407000        0.016073      -0.469661   129.702128            129.355925         95.702450              127                 True
           0.855000   0.119881    -6.653076     -7.705934  -0.007185        -1.339144        0.018300      -0.392626   124.595745            124.268737         95.702450              122                 True
           0.900000   0.128489    -0.204624     -0.250545  -0.000185        -0.034561        0.012481      -0.014856    80.170213             79.970866         95.702450               78                 True
           0.900000   0.128489    -0.204624     -0.250545  -0.000185        -0.034561        0.012481      -0.014856    80.170213             79.970866         95.702450               78                 True
           0.935000   0.138612    17.596148     26.152156   0.014470         2.696927        0.008734       1.656722    51.574468             51.439933         95.702450               50                 True
           0.950000   0.143844    30.041771     55.951320   0.017305         3.225393        0.005514       3.138137    39.319149             39.212676         95.702450               38                 True
           0.950000   0.143844    30.041771     55.951320   0.017305         3.225393        0.005514       3.138137    39.319149             39.212676         95.702450               38                 True
           0.975000   0.158242    -7.362769    -10.398773  -0.003974        -0.740750        0.007945      -0.500244    13.787234             13.748020         95.702450               13                 True
           0.980000   0.162067    -4.823740     -6.486610  -0.004155        -0.774362        0.012189      -0.340857    11.744681             11.710423         95.702450               11                 True
           0.985000   0.167288    -4.246372     -5.877754  -0.003847        -0.717073        0.012189      -0.315640     7.148936              7.128807         95.702450                7                 True
           0.987000   0.169366     0.854996      1.212385   0.000762         0.141932        0.012189       0.062476     6.127660              6.110081         95.702450                6                 True
           0.990000   0.173846     6.087086     10.668444   0.001971         0.367447        0.003258       0.605073     4.085106              4.072839         95.528950                4                 True
           1.000000   0.608278          NaN           NaN   0.000000         0.000000        0.000000            NaN     0.000000              0.000000          0.000000                0                False

Validation score-grid thresholds: (0.112273840606, 0.11907594949, 0.119881231487, 0.128488889337, 0.128488889337, 0.138612400442, 0.143844173849, 0.143844173849, 0.15824168399, 0.162067425847, 0.167287558615, 0.16936632809, 0.173846046031, 0.608277857304)

Selected threshold quantile: logistic=0.9500000000000002, validation_threshold=0.143844173849

Shadow consistency threshold sweep (validation-stage model/gates on test days):
 threshold_quantile  threshold  Sharpe1H365  Sortino1H365  ReturnPct  AnnualReturnPct  MaxDrawdownPct  ReturnOverMDD  DailyTrades  DailyTradingValuePct  MaxPositionValue  roundtrip_count  valid_for_selection
           0.800000   0.112274   -27.229766    -26.980497  -0.018121        -6.901829        0.018121      -1.000000   124.173913            124.157779         95.442950               59                 True
           0.850000   0.119076   -18.344564    -19.123501  -0.010206        -3.887336        0.011408      -0.894660   113.739130            113.722014         95.442950               54                 True
           0.855000   0.119881   -18.687685    -19.418993  -0.010364        -3.947402        0.011580      -0.895039   113.739130            113.722070         95.442950               54                 True
           0.900000   0.128489   -14.259243    -19.061330  -0.003481        -1.325926        0.003786      -0.919564    80.347826             80.325561         95.442950               38                 True
           0.900000   0.128489   -14.259243    -19.061330  -0.003481        -1.325926        0.003786      -0.919564    80.347826             80.325561         95.442950               38                 True
           0.935000   0.138612    17.999177    101.151638   0.016699         6.360058        0.003327       5.018638    45.913043             45.901942         95.442950               22                 True
           0.950000   0.143844    17.156999     97.005484   0.017504         6.666756        0.002764       6.332860    34.434783             34.433729         95.442950               16                 True
           0.950000   0.143844    17.156999     97.005484   0.017504         6.666756        0.002764       6.332860    34.434783             34.433729         95.442950               16                 True
           0.975000   0.158242   -11.749221    -12.746219  -0.006681        -2.544774        0.009658      -0.691830    12.521739             12.515785         95.442950                6                 True
           0.980000   0.162067    -8.292133     -9.162092  -0.004802        -1.828832        0.009658      -0.497192    10.434783             10.426759         95.442950                5                 True
           0.985000   0.167288   -13.813468    -14.283915  -0.014264        -5.432877        0.019230      -0.741789     9.391304              9.389849         95.442950                4                 True
           0.987000   0.169366   -13.813468    -14.283915  -0.014264        -5.432877        0.019230      -0.741789     9.391304              9.389849         95.442950                4                 True
           0.990000   0.173846   -14.803617    -15.213875  -0.015185        -5.783359        0.019230      -0.789643     5.217391              5.216328         95.442950                2                 True
           1.000000   0.608278          NaN           NaN   0.000000         0.000000        0.000000            NaN     0.000000              0.000000          0.000000                0                False

Test balanced-inventory threshold sweep (Logistic, refit on pre-test window):
 threshold_quantile  threshold  Sharpe1H365  Sortino1H365  ReturnPct  AnnualReturnPct  MaxDrawdownPct  ReturnOverMDD  DailyTrades  DailyTradingValuePct  MaxPositionValue  roundtrip_count  valid_for_selection
           0.800000   0.106607   -36.629953    -36.980896  -0.013490        -5.137955        0.013490      -1.000000   138.782609            138.764199         95.442950               66                 True
           0.850000   0.111819   -38.052473    -36.400173  -0.019094        -7.272273        0.019094      -1.000000   109.565217            109.539410         95.442950               52                 True
           0.855000   0.112415   -38.748602    -36.962697  -0.019449        -7.407664        0.019449      -1.000000   107.478261            107.452894         95.442950               51                 True
           0.900000   0.119294   -27.057093    -30.755927  -0.005906        -2.249244        0.005906      -1.000000    92.869565             92.840410         95.442950               44                 True
           0.900000   0.119294   -27.057093    -30.755927  -0.005906        -2.249244        0.005906      -1.000000    92.869565             92.840410         95.442950               44                 True
           0.935000   0.127298   -10.309000    -14.355610  -0.002240        -0.853287        0.002815      -0.796004    74.086957             74.055077         95.442950               35                 True
           0.950000   0.132357    17.517963     90.224346   0.016373         6.235977        0.003327       4.920727    56.347826             56.328999         95.442950               27                 True
           0.950000   0.132357    17.517963     90.224346   0.016373         6.235977        0.003327       4.920727    56.347826             56.328999         95.442950               27                 True
           0.975000   0.145421    16.807127     85.275393   0.015718         5.986420        0.002719       5.781618    35.478261             35.456592         95.442950               17                 True
           0.980000   0.149686    15.212773     72.865303   0.014282         5.439682        0.003947       3.618678    29.217391             29.196836         95.442950               14                 True
           0.985000   0.154916    14.782555     65.162931   0.013970         5.320648        0.003996       3.495604    22.956522             22.937745         95.442950               11                 True
           0.987000   0.157539    -9.826081    -10.600678  -0.006446        -2.454947        0.011419      -0.564441    15.652174             15.627557         95.442950                7                 True
           0.990000   0.162671    -9.742159    -10.543330  -0.006432        -2.449747        0.011419      -0.563246    13.565217             13.542644         95.442950                6                 True
           1.000000   0.771061          NaN           NaN   0.000000         0.000000        0.000000            NaN     0.000000              0.000000          0.000000                0                False

Logistic coefficients (refit on pre-test window):
                                          term      coef  std_err     z_value  p_value
                                         const -2.327183 0.006520 -356.940522 0.000000
                                     stdev_100 -0.033712 0.026023   -1.295485 0.195153
                                     stdev_500 -0.006370 0.012316   -0.517161 0.605044
                      log1p(amplitude_80ms_w0) -0.021184 0.020708   -1.022970 0.306322
                              ret_vwap_80ms_w0  0.001246 0.013721    0.090798 0.927653
                      log1p(amplitude_80ms_w1)  0.006190 0.017607    0.351574 0.725158
                              ret_vwap_80ms_w1  0.014690 0.014239    1.031677 0.302224
                      log1p(amplitude_80ms_w2)  0.011726 0.016114    0.727692 0.466802
                              ret_vwap_80ms_w2 -0.004387 0.012159   -0.360806 0.718244
                               amplitude_1s_w0 -0.006364 0.019726   -0.322604 0.746995
                                ret_vwap_1s_w0  0.034938 0.017479    1.998825 0.045627
                        log1p(amplitude_1s_w1) -0.051278 0.015141   -3.386639 0.000708
                                ret_vwap_1s_w1  0.045492 0.029499    1.542128 0.123042
                        log1p(amplitude_1s_w2) -0.030449 0.014930   -2.039445 0.041406
                                ret_vwap_1s_w2  0.044624 0.035665    1.251200 0.210862
                               amplitude_5s_w0  0.029439 0.017926    1.642191 0.100550
                                ret_vwap_5s_w0  0.004162 0.019063    0.218330 0.827172
                               amplitude_5s_w1 -0.030815 0.017477   -1.763162 0.077873
                                ret_vwap_5s_w1  0.018037 0.031285    0.576553 0.564242
                               amplitude_5s_w2 -0.018663 0.018079   -1.032299 0.301932
                                ret_vwap_5s_w2  0.044023 0.041850    1.051936 0.292829
                              amplitude_30s_w0 -0.019901 0.016646   -1.195524 0.231882
                               ret_vwap_30s_w0 -0.023624 0.019906   -1.186744 0.235329
                              amplitude_30s_w1 -0.037803 0.015544   -2.431958 0.015017
                               ret_vwap_30s_w1  0.034742 0.028853    1.204109 0.228548
                              amplitude_30s_w2  0.016473 0.014896    1.105900 0.268770
                               ret_vwap_30s_w2 -0.032381 0.038569   -0.839539 0.401167
                             amplitude_300s_w0  0.025046 0.016900    1.481991 0.138343
                              ret_vwap_300s_w0  0.022903 0.016923    1.353354 0.175942
                             amplitude_300s_w1  0.021226 0.015880    1.336699 0.181321
                              ret_vwap_300s_w1 -0.026140 0.027762   -0.941578 0.346408
                             amplitude_300s_w2 -0.007827 0.015051   -0.520036 0.603038
                              ret_vwap_300s_w2  0.006218 0.036948    0.168297 0.866350
                       log1p(max_size_80ms_w0)  0.049021 0.023660    2.071923 0.038273
                       log1p(avg_size_80ms_w0)  0.016494 0.011459    1.439469 0.150018
                     log1p(same_count_80ms_w0)  0.035422 0.010146    3.491174 0.000481
                             opp_count_80ms_w0  0.019110 0.032104    0.595251 0.551676
                     log1p(total_same_80ms_w0) -0.021112 0.011786   -1.791327 0.073241
                      log1p(total_opp_80ms_w0) -0.104646 0.025974   -4.028838 0.000056
                       log1p(max_size_80ms_w1) -0.006410 0.022715   -0.282192 0.777796
                       log1p(avg_size_80ms_w1) -0.013234 0.010185   -1.299299 0.193841
                     log1p(same_count_80ms_w1)  0.001539 0.010944    0.140640 0.888154
                      log1p(opp_count_80ms_w1) -0.042921 0.024639   -1.742006 0.081507
                     log1p(total_same_80ms_w1)  0.016507 0.011564    1.427387 0.153468
                      log1p(total_opp_80ms_w1)  0.032133 0.022906    1.402815 0.160672
                       log1p(max_size_80ms_w2) -0.014102 0.022885   -0.616202 0.537761
                       log1p(avg_size_80ms_w2)  0.011372 0.010002    1.136973 0.255549
                     log1p(same_count_80ms_w2)  0.001531 0.012248    0.124963 0.900553
                      log1p(opp_count_80ms_w2) -0.038158 0.023125   -1.650086 0.098925
                     log1p(total_same_80ms_w2)  0.008715 0.012772    0.682339 0.495024
                      log1p(total_opp_80ms_w2)  0.028705 0.021955    1.307466 0.191054
                                max_size_1s_w0 -0.003660 0.009020   -0.405745 0.684930
                                avg_size_1s_w0 -0.025953 0.009876   -2.627871 0.008592
                       log1p(same_count_1s_w0) -0.051696 0.016276   -3.176174 0.001492
                               opp_count_1s_w0  0.020374 0.026099    0.780651 0.435008
                       log1p(total_same_1s_w0)  0.030818 0.014957    2.060437 0.039357
                        log1p(total_opp_1s_w0)  0.013440 0.015322    0.877145 0.380408
                         log1p(max_size_1s_w1) -0.013371 0.017395   -0.768684 0.442081
                                avg_size_1s_w1 -0.000897 0.008283   -0.108249 0.913798
                       log1p(same_count_1s_w1)  0.022424 0.017678    1.268448 0.204638
                        log1p(opp_count_1s_w1) -0.013757 0.018108   -0.759702 0.447433
                       log1p(total_same_1s_w1)  0.038466 0.016696    2.303965 0.021225
                        log1p(total_opp_1s_w1)  0.041780 0.017464    2.392314 0.016742
                         log1p(max_size_1s_w2) -0.030028 0.017532   -1.712701 0.086767
                                avg_size_1s_w2  0.007125 0.007851    0.907422 0.364183
                       log1p(same_count_1s_w2)  0.011974 0.017917    0.668300 0.503942
                        log1p(opp_count_1s_w2) -0.024600 0.017399   -1.413893 0.157393
                       log1p(total_same_1s_w2)  0.034955 0.017124    2.041273 0.041224
                        log1p(total_opp_1s_w2)  0.029737 0.017192    1.729738 0.083677
                                max_size_5s_w0  0.006005 0.010172    0.590345 0.554960
                                avg_size_5s_w0  0.036677 0.011193    3.276631 0.001051
                       log1p(same_count_5s_w0)  0.034210 0.024487    1.397089 0.162387
                               opp_count_5s_w0  0.050124 0.055306    0.906309 0.364773
                       log1p(total_same_5s_w0) -0.038944 0.022890   -1.701361 0.088875
                               total_opp_5s_w0 -0.040802 0.016704   -2.442634 0.014581
                                max_size_5s_w1 -0.000758 0.008918   -0.084946 0.932304
                                avg_size_5s_w1  0.021981 0.009259    2.374162 0.017589
                       log1p(same_count_5s_w1)  0.040315 0.019084    2.112524 0.034641
                               opp_count_5s_w1  0.016935 0.046100    0.367358 0.713352
                       log1p(total_same_5s_w1) -0.016347 0.018647   -0.876682 0.380659
                        log1p(total_opp_5s_w1) -0.008360 0.013151   -0.635725 0.524956
                                max_size_5s_w2 -0.003488 0.009966   -0.349993 0.726344
                                avg_size_5s_w2  0.000121 0.009520    0.012674 0.989888
                       log1p(same_count_5s_w2)  0.040247 0.018669    2.155812 0.031098
                               opp_count_5s_w2  0.044226 0.047105    0.938868 0.347799
                       log1p(total_same_5s_w2)  0.005930 0.018656    0.317848 0.750600
                        log1p(total_opp_5s_w2) -0.004027 0.013091   -0.307625 0.758368
                               max_size_30s_w0 -0.010655 0.012156   -0.876486 0.380766
                               avg_size_30s_w0  0.019561 0.013150    1.487472 0.136890
                             same_count_30s_w0  0.090665 0.512293    0.176978 0.859526
                              opp_count_30s_w0 -0.035786 0.503770   -0.071037 0.943368
                      log1p(total_same_30s_w0) -0.053536 0.020141   -2.658033 0.007860
                              total_opp_30s_w0 -0.034257 0.022703   -1.508957 0.131310
                               max_size_30s_w1 -0.006368 0.008800   -0.723707 0.469245
                               avg_size_30s_w1  0.021602 0.010195    2.118917 0.034098
                             same_count_30s_w1 -0.146637 0.293230   -0.500075 0.617022
                              opp_count_30s_w1  0.174958 0.289646    0.604039 0.545818
                      log1p(total_same_30s_w1) -0.028945 0.015357   -1.884838 0.059452
                              total_opp_30s_w1 -0.054944 0.020328   -2.702855 0.006875
                               max_size_30s_w2 -0.010591 0.008564   -1.236587 0.216241
                               avg_size_30s_w2  0.015091 0.009916    1.521880 0.128039
                             same_count_30s_w2 -0.025931 0.266158   -0.097429 0.922386
                              opp_count_30s_w2 -0.001634 0.269057   -0.006073 0.995155
                      log1p(total_same_30s_w2) -0.017355 0.014795   -1.172974 0.240806
                              total_opp_30s_w2  0.025990 0.019724    1.317684 0.187609
                              max_size_300s_w0  0.016421 0.009576    1.714792 0.086383
                              avg_size_300s_w0 -0.017070 0.012990   -1.314149 0.188796
                            same_count_300s_w0 -0.255136 1.703001   -0.149815 0.880910
                             opp_count_300s_w0  0.187407 1.703527    0.110011 0.912400
                            total_same_300s_w0 -0.004145 0.027229   -0.152231 0.879005
                             total_opp_300s_w0  0.056740 0.033607    1.688351 0.091344
                              max_size_300s_w1  0.007160 0.007733    0.925797 0.354552
                              avg_size_300s_w1  0.024704 0.010322    2.393439 0.016691
                            same_count_300s_w1 -0.080208 1.119527   -0.071645 0.942885
                             opp_count_300s_w1  0.046252 1.116678    0.041419 0.966962
                            total_same_300s_w1  0.020582 0.027148    0.758151 0.448361
                             total_opp_300s_w1 -0.012595 0.027688   -0.454874 0.649200
                              max_size_300s_w2  0.010540 0.007750    1.360070 0.173808
                              avg_size_300s_w2  0.012792 0.010200    1.254116 0.209800
                            same_count_300s_w2  0.062522 1.003872    0.062281 0.950339
                             opp_count_300s_w2 -0.031570 1.005464   -0.031399 0.974951
                            total_same_300s_w2 -0.046756 0.025019   -1.868796 0.061651
                             total_opp_300s_w2  0.011040 0.025710    0.429398 0.667633
                           ret_autocov_80ms_w0 -0.000716 0.006451   -0.110980 0.911633
                               ret_sum_80ms_w0 -0.000219 0.021146   -0.010348 0.991744
                log1p(trade_intensity_80ms_w0) -0.023096 0.009525   -2.424803 0.015317
                           ret_autocov_80ms_w1 -0.007875 0.004810   -1.637078 0.101614
                               ret_sum_80ms_w1  0.001954 0.013321    0.146687 0.883379
                log1p(trade_intensity_80ms_w1)  0.016062 0.017763    0.904234 0.365871
                           ret_autocov_80ms_w2 -0.001640 0.006723   -0.243891 0.807315
                               ret_sum_80ms_w2 -0.020528 0.011045   -1.858557 0.063090
                log1p(trade_intensity_80ms_w2)  0.001739 0.018205    0.095494 0.923922
                             ret_autocov_1s_w0  0.008925 0.009866    0.904625 0.365664
                                 ret_sum_1s_w0  0.117753 0.040474    2.909339 0.003622
                         trade_intensity_1s_w0  0.007556 0.004886    1.546552 0.121971
                             ret_autocov_1s_w1  0.003183 0.007506    0.424015 0.671555
                                 ret_sum_1s_w1  0.025297 0.025727    0.983279 0.325470
                  log1p(trade_intensity_1s_w1) -0.003977 0.016471   -0.241433 0.809220
                             ret_autocov_1s_w2  0.002363 0.009925    0.238095 0.811808
                                 ret_sum_1s_w2  0.007578 0.013802    0.549060 0.582964
                  log1p(trade_intensity_1s_w2)  0.012974 0.016210    0.800342 0.423513
                             ret_autocov_5s_w0 -0.005612 0.012159   -0.461520 0.644426
                                 ret_sum_5s_w0  0.039599 0.048078    0.823651 0.410138
                         trade_intensity_5s_w0 -0.016333 0.047136   -0.346510 0.728960
                             ret_autocov_5s_w1 -0.004999 0.007672   -0.651497 0.514726
                                 ret_sum_5s_w1  0.024349 0.037561    0.648241 0.516829
                         trade_intensity_5s_w1 -0.010465 0.046476   -0.225170 0.821847
                             ret_autocov_5s_w2  0.001406 0.008847    0.158896 0.873751
                                 ret_sum_5s_w2  0.014192 0.028513    0.497721 0.618680
                         trade_intensity_5s_w2 -0.053557 0.048144   -1.112430 0.265953
                            ret_autocov_30s_w0 -0.006470 0.011408   -0.567145 0.570616
                                ret_sum_30s_w0 -0.071031 0.046072   -1.541746 0.123135
                        trade_intensity_30s_w0  0.016404 0.953524    0.017204 0.986274
                            ret_autocov_30s_w1  0.017527 0.010999    1.593494 0.111049
                                ret_sum_30s_w1  0.058899 0.035275    1.669697 0.094979
                        trade_intensity_30s_w1  0.075640 0.545831    0.138578 0.889784
                            ret_autocov_30s_w2 -0.010294 0.007074   -1.455192 0.145616
                                ret_sum_30s_w2  0.020036 0.027459    0.729654 0.465602
                        trade_intensity_30s_w2 -0.034778 0.501201   -0.069388 0.944681
                           ret_autocov_300s_w0 -0.002589 0.010743   -0.241023 0.809538
                               ret_sum_300s_w0  0.034411 0.042159    0.816209 0.414381
                       trade_intensity_300s_w0 -0.013416 3.364278   -0.003988 0.996818
                           ret_autocov_300s_w1 -0.020404 0.009817   -2.078334 0.037679
                               ret_sum_300s_w1 -0.026331 0.029342   -0.897376 0.369519
                       trade_intensity_300s_w1 -0.026104 2.208410   -0.011820 0.990569
                           ret_autocov_300s_w2 -0.007557 0.007885   -0.958434 0.337844
                               ret_sum_300s_w2 -0.017386 0.017920   -0.970250 0.331922
                       trade_intensity_300s_w2  0.031869 1.985302    0.016052 0.987193
                                  top_near_liq  0.062246 0.011724    5.309364 0.000000
                                   top_opp_liq -0.058060 0.011159   -5.203122 0.000000
                                  ob_near_half -0.081303 0.011591   -7.014112 0.000000
                                     totb_mean -0.007437 0.007567   -0.982814 0.325699
                                    log1p(age)  0.093057 0.007944   11.713897 0.000000
                                    is_weekend -0.010522 0.007432   -1.415819 0.156828
  opp_count_80ms_w0 * log1p(total_opp_80ms_w0)  0.011670 0.019091    0.611314 0.540992
       top_near_liq * log1p(total_opp_80ms_w0)  0.039592 0.012028    3.291543 0.000996
                ob_near_half * opp_count_1s_w0  0.005859 0.007459    0.785436 0.432198
            ret_vwap_80ms_w1 * opp_count_1s_w0  0.001406 0.008345    0.168509 0.866183
    log1p(amplitude_80ms_w0) * amplitude_1s_w0  0.000217 0.014658    0.014830 0.988168
log1p(amplitude_80ms_w0) * ret_autocov_300s_w1  0.003193 0.009148    0.349053 0.727049

Shadow consistency backtest (validation-stage selected threshold on test days):
 threshold_quantile  threshold  Sharpe1H365  Sortino1H365  ReturnPct  AnnualReturnPct  MaxDrawdownPct  ReturnOverMDD  DailyTrades  DailyTradingValuePct  MaxPositionValue  roundtrip_count  valid_for_selection
           0.950000   0.143844    17.156999     97.005484   0.017504         6.666756        0.002764       6.332860    34.434783             34.433729         95.442950               16                 True

Applied refit-period threshold for test: logistic=0.132356566936

Test balanced-inventory backtest (Logistic, selected threshold, refit on pre-test window):
 threshold_quantile  threshold  Sharpe1H365  Sortino1H365  ReturnPct  AnnualReturnPct  MaxDrawdownPct  ReturnOverMDD  DailyTrades  DailyTradingValuePct  MaxPositionValue  roundtrip_count  valid_for_selection
           0.950000   0.132357    17.517963     90.224346   0.016373         6.235977        0.003327       4.920727    56.347826             56.328999         95.442950               27                 True
