Fill surface OLS:
  R^2 = 0.902606
       term      coef  std_err  p_value
      const  0.517846 0.001314 0.000000
q_near_norm  0.006298 0.003518 0.073418
 q_opp_norm  0.047410 0.003521 0.000000
  imbalance -0.363831 0.002811 0.000000

Fill-probability gates:
                   name  threshold  selected_quantile  total_count  kept_count  kept_share  min_count_floor  kept_fill_count  min_fill_floor  floor_met
     dataset_gate_train   0.803149           0.800000      1493924      298785    0.200000              250    248087.000000       25.000000       True
trading_gate_validation   0.860410           0.980000     30240000      604800    0.020000              250              NaN             NaN       True
     dataset_gate_refit   0.800112           0.800000      1558671      311735    0.200001              250    257986.000000       25.000000       True
      trading_gate_test   0.854923           0.980000     30240000      604805    0.020000              250              NaN             NaN       True

Logistic train / validation / test metrics:
     split  n_orders  pos_rate  roc_auc  avg_precision  log_loss    brier  accuracy@0.5
     train    298783  0.082528 0.585251       0.111553  0.281372 0.075156      0.917472
validation     24406  0.090633 0.585287       0.129193  0.300387 0.081700      0.909367
      test     22166  0.090725 0.575257       0.115369  0.303089 0.082242      0.909275

Validation balanced-inventory backtest (Logistic):
 threshold_quantile  threshold  Sharpe1H365  Sortino1H365  ReturnPct  AnnualReturnPct  MaxDrawdownPct  ReturnOverMDD  DailyTrades  DailyTradingValuePct  MaxPositionValue  roundtrip_count  valid_for_selection
           0.800000   0.099074     7.306577      9.945860   0.008061         1.502459        0.010806       0.745980   140.425532            139.553447         89.744450              137                 True
           0.850000   0.106377    12.273650     19.568094   0.014203         2.647200        0.006800       2.088676   104.680851            104.072510         89.806750              102                 True
           0.855000   0.107198    13.935130     24.049670   0.016840         3.138678        0.006571       2.562609   102.638298            102.038119         89.806750              100                 True
           0.900000   0.117750    26.203103     50.542873   0.024975         4.654943        0.006757       3.696198    68.936170             68.564816         89.744450               67                 True
           0.900000   0.117750    26.203103     50.542873   0.024975         4.654943        0.006757       3.696198    68.936170             68.564816         89.744450               67                 True
           0.935000   0.129695     5.420290      7.043639   0.006273         1.169245        0.010170       0.616857    38.808511             38.663992         89.738450               38                 True
           0.950000   0.136275     5.832541      7.555379   0.006644         1.238389        0.010170       0.653335    31.659574             31.533769         89.738450               31                 True
           0.950000   0.136275     5.832541      7.555379   0.006644         1.238389        0.010170       0.653335    31.659574             31.533769         89.738450               31                 True
           0.975000   0.153982   -11.483267    -12.835039  -0.013650        -2.544066        0.026974      -0.506022    13.276596             13.245392         89.666250               13                 True
           0.980000   0.159569   -17.128047    -18.715357  -0.019899        -3.708841        0.026974      -0.737699    10.212766             10.179532         89.738450               10                 True
           0.985000   0.166098   -16.747766    -18.168966  -0.019002        -3.541737        0.026974      -0.704461     7.659574              7.641745         89.738450                7                 True
           0.987000   0.169816     1.614394      2.007146   0.001523         0.283801        0.010170       0.149724     5.617021              5.589838         89.635250                5                 True
           0.990000   0.176532     1.763279      2.192256   0.001663         0.309946        0.010170       0.163518     4.595745              4.570718         89.635250                4                 True
           1.000000   0.386475          NaN           NaN   0.000000         0.000000        0.000000            NaN     0.000000              0.000000          0.000000                0                False

Validation score-grid thresholds: (0.099074429274, 0.106377310678, 0.107197814919, 0.117750005424, 0.117750005424, 0.129695142508, 0.136274974793, 0.136274974793, 0.153981978446, 0.159569044113, 0.166098108441, 0.169815985709, 0.176532109231, 0.38647454977)

Selected threshold quantile: logistic=0.9500000000000002, validation_threshold=0.136274974793

Shadow consistency threshold sweep (validation-stage model/gates on test days):
 threshold_quantile  threshold  Sharpe1H365  Sortino1H365  ReturnPct  AnnualReturnPct  MaxDrawdownPct  ReturnOverMDD  DailyTrades  DailyTradingValuePct  MaxPositionValue  roundtrip_count  valid_for_selection
           0.800000   0.099074    31.686719     78.190344   0.025809         9.829689        0.008099       3.186542    97.043478             98.390211         88.361950               46                 True
           0.850000   0.106377    32.119675     87.825430   0.024262         9.240672        0.008740       2.775885    61.565217             62.428579         88.361950               29                 True
           0.855000   0.107198    32.443574     93.658850   0.026535        10.106312        0.009469       2.802232    61.565217             62.426207         88.361950               29                 True
           0.900000   0.117750    18.106360     37.974400   0.016041         6.109573        0.007249       2.212808    37.565217             38.093182         88.137050               18                 True
           0.900000   0.117750    18.106360     37.974400   0.016041         6.109573        0.007249       2.212808    37.565217             38.093182         88.137050               18                 True
           0.935000   0.129695    33.639743     88.896968   0.038194        14.546963        0.008831       4.325110    12.521739             12.698074         88.361950                6                 True
           0.950000   0.136275    33.563974     88.709399   0.038113        14.516269        0.008831       4.315984    10.434783             10.582610         88.361950                5                 True
           0.950000   0.136275    33.563974     88.709399   0.038113        14.516269        0.008831       4.315984    10.434783             10.582610         88.361950                5                 True
           0.975000   0.153982    36.090666     77.068323   0.028973        11.034991        0.008831       3.280929     3.130435              3.170519         88.361950                1                 True
           0.980000   0.159569    36.090666     77.068323   0.028973        11.034991        0.008831       3.280929     3.130435              3.170519         88.361950                1                 True
           0.985000   0.166098    30.760795     94.494478   0.030254        11.522986        0.008831       3.426020     3.130435              3.169182         88.361950                1                 True
           0.987000   0.169816    30.760795     94.494478   0.030254        11.522986        0.008831       3.426020     3.130435              3.169182         88.361950                1                 True
           0.990000   0.176532    30.760795     94.494478   0.030254        11.522986        0.008831       3.426020     3.130435              3.169182         88.361950                1                 True
           1.000000   0.386475     5.234633      9.362043   0.004721         1.798131        0.009033       0.522665     1.043478              1.068489         88.361950                0                 True

Test balanced-inventory threshold sweep (Logistic, refit on pre-test window):
 threshold_quantile  threshold  Sharpe1H365  Sortino1H365  ReturnPct  AnnualReturnPct  MaxDrawdownPct  ReturnOverMDD  DailyTrades  DailyTradingValuePct  MaxPositionValue  roundtrip_count  valid_for_selection
           0.800000   0.097474    14.767198     26.685012   0.009530         3.629712        0.012305       0.774502   103.304348            104.728309         88.361950               49                 True
           0.850000   0.102656    25.218761     58.471572   0.019328         7.361591        0.009907       1.950950    80.347826             81.460593         88.361950               38                 True
           0.855000   0.103295    19.368755     42.140727   0.015335         5.840780        0.011186       1.370992    74.086957             75.098516         88.361950               35                 True
           0.900000   0.110451    20.896131     53.773346   0.017670         6.730118        0.008007       2.206930    55.304348             56.062029         88.361950               26                 True
           0.900000   0.110451    20.896131     53.773346   0.017670         6.730118        0.008007       2.206930    55.304348             56.062029         88.361950               26                 True
           0.935000   0.119355    25.484716     60.344528   0.014937         5.689096        0.004687       3.186903    37.565217             38.084151         88.137050               18                 True
           0.950000   0.125012    19.857308     39.064914   0.010673         4.065210        0.004548       2.347004    19.826087             20.087575         88.361950                9                 True
           0.950000   0.125012    19.857308     39.064914   0.010673         4.065210        0.004548       2.347004    19.826087             20.087575         88.361950                9                 True
           0.975000   0.139212    28.521731     63.925285   0.025996         9.901008        0.008831       2.943773     7.304348              7.380469         88.361950                3                 True
           0.980000   0.143793    29.978102     70.903249   0.025349         9.654486        0.008831       2.870477     5.217391              5.267345         88.361950                2                 True
           0.985000   0.149279    36.090666     77.068323   0.028973        11.034991        0.008831       3.280929     3.130435              3.170519         88.361950                1                 True
           0.987000   0.152184    36.090666     77.068323   0.028973        11.034991        0.008831       3.280929     3.130435              3.170519         88.361950                1                 True
           0.990000   0.157578    36.090666     77.068323   0.028973        11.034991        0.008831       3.280929     3.130435              3.170519         88.361950                1                 True
           1.000000   0.988903          NaN           NaN   0.000000         0.000000        0.000000            NaN     0.000000              0.000000          0.000000                0                False

Logistic coefficients (refit on pre-test window):
                                          term      coef   std_err     z_value  p_value
                                         const -2.445363  0.006723 -363.727377 0.000000
                                     stdev_100  0.014989  0.029577    0.506763 0.612321
                                     stdev_500 -0.025469  0.012696   -2.006135 0.044842
                      log1p(amplitude_80ms_w0) -0.107386  0.021787   -4.928811 0.000001
                              ret_vwap_80ms_w0  0.025364  0.013518    1.876307 0.060613
                      log1p(amplitude_80ms_w1)  0.019276  0.018108    1.064450 0.287125
                              ret_vwap_80ms_w1  0.016783  0.014632    1.146997 0.251383
                      log1p(amplitude_80ms_w2)  0.004657  0.016873    0.275997 0.782550
                              ret_vwap_80ms_w2 -0.000807  0.012317   -0.065516 0.947763
                               amplitude_1s_w0 -0.051074  0.020214   -2.526632 0.011516
                                ret_vwap_1s_w0  0.022158  0.017834    1.242504 0.214051
                        log1p(amplitude_1s_w1) -0.031038  0.016037   -1.935426 0.052938
                                ret_vwap_1s_w1  0.041001  0.029632    1.383678 0.166457
                        log1p(amplitude_1s_w2) -0.001868  0.015871   -0.117685 0.906317
                                ret_vwap_1s_w2 -0.021300  0.035650   -0.597463 0.550198
                               amplitude_5s_w0 -0.006821  0.018499   -0.368742 0.712320
                                ret_vwap_5s_w0  0.010618  0.020440    0.519473 0.603431
                               amplitude_5s_w1  0.002310  0.018035    0.128108 0.898064
                                ret_vwap_5s_w1 -0.043102  0.031710   -1.359249 0.174068
                               amplitude_5s_w2 -0.011567  0.018126   -0.638140 0.523383
                                ret_vwap_5s_w2  0.063637  0.042039    1.513766 0.130085
                              amplitude_30s_w0 -0.013328  0.017207   -0.774582 0.438586
                               ret_vwap_30s_w0  0.007194  0.020447    0.351837 0.724960
                              amplitude_30s_w1  0.011576  0.015717    0.736536 0.461404
                               ret_vwap_30s_w1  0.034726  0.029347    1.183273 0.236701
                              amplitude_30s_w2  0.024613  0.015563    1.581472 0.113770
                               ret_vwap_30s_w2 -0.069609  0.039397   -1.766838 0.077255
                             amplitude_300s_w0 -0.006396  0.017746   -0.360415 0.718537
                              ret_vwap_300s_w0  0.038456  0.016839    2.283818 0.022382
                             amplitude_300s_w1 -0.013977  0.016714   -0.836238 0.403021
                              ret_vwap_300s_w1  0.026200  0.027612    0.948890 0.342677
                             amplitude_300s_w2 -0.007577  0.016152   -0.469120 0.638984
                              ret_vwap_300s_w2  0.032657  0.036875    0.885622 0.375821
                       log1p(max_size_80ms_w0)  0.036866  0.024206    1.523025 0.127752
                       log1p(avg_size_80ms_w0)  0.017557  0.011340    1.548214 0.121571
                     log1p(same_count_80ms_w0)  0.037745  0.010111    3.733005 0.000189
                             opp_count_80ms_w0  0.104014  0.033164    3.136331 0.001711
                     log1p(total_same_80ms_w0) -0.006032  0.011469   -0.525906 0.598954
                      log1p(total_opp_80ms_w0) -0.096846  0.026178   -3.699514 0.000216
                       log1p(max_size_80ms_w1) -0.025383  0.023099   -1.098871 0.271825
                       log1p(avg_size_80ms_w1) -0.004639  0.010002   -0.463801 0.642790
                     log1p(same_count_80ms_w1) -0.017957  0.011012   -1.630696 0.102954
                      log1p(opp_count_80ms_w1) -0.057934  0.025608   -2.262363 0.023675
                     log1p(total_same_80ms_w1)  0.020646  0.011545    1.788339 0.073721
                      log1p(total_opp_80ms_w1)  0.052777  0.023544    2.241620 0.024986
                       log1p(max_size_80ms_w2) -0.042999  0.023587   -1.822986 0.068305
                       log1p(avg_size_80ms_w2) -0.008434  0.010496   -0.803495 0.421688
                     log1p(same_count_80ms_w2)  0.008524  0.012422    0.686191 0.492593
                      log1p(opp_count_80ms_w2) -0.056367  0.023905   -2.357964 0.018375
                     log1p(total_same_80ms_w2)  0.013747  0.012590    1.091908 0.274874
                      log1p(total_opp_80ms_w2)  0.066181  0.022902    2.889763 0.003855
                                max_size_1s_w0 -0.003086  0.009639   -0.320157 0.748849
                                avg_size_1s_w0 -0.005511  0.009303   -0.592442 0.553555
                       log1p(same_count_1s_w0) -0.032581  0.016350   -1.992720 0.046292
                               opp_count_1s_w0  0.075147  0.027189    2.763909 0.005711
                       log1p(total_same_1s_w0)  0.007610  0.015139    0.502695 0.615179
                        log1p(total_opp_1s_w0) -0.010244  0.017918   -0.571734 0.567502
                         log1p(max_size_1s_w1) -0.034345  0.018019   -1.906092 0.056638
                                avg_size_1s_w1  0.007600  0.008197    0.927072 0.353889
                       log1p(same_count_1s_w1) -0.001203  0.017945   -0.067024 0.946563
                        log1p(opp_count_1s_w1) -0.019406  0.018464   -1.051017 0.293251
                       log1p(total_same_1s_w1)  0.037348  0.017334    2.154646 0.031190
                        log1p(total_opp_1s_w1)  0.036745  0.018252    2.013230 0.044090
                         log1p(max_size_1s_w2)  0.028421  0.018122    1.568278 0.116816
                                avg_size_1s_w2 -0.000188  0.008418   -0.022278 0.982226
                       log1p(same_count_1s_w2)  0.051880  0.018552    2.796400 0.005168
                        log1p(opp_count_1s_w2) -0.005018  0.017860   -0.280961 0.778740
                       log1p(total_same_1s_w2) -0.007886  0.017849   -0.441812 0.658625
                        log1p(total_opp_1s_w2) -0.032205  0.017953   -1.793865 0.072835
                                max_size_5s_w0  0.007517  0.010290    0.730479 0.465097
                                avg_size_5s_w0  0.006811  0.011761    0.579079 0.562536
                       log1p(same_count_5s_w0)  0.011599  0.024566    0.472171 0.636805
                               opp_count_5s_w0 -0.104293  0.048581   -2.146784 0.031810
                       log1p(total_same_5s_w0) -0.050618  0.022538   -2.245909 0.024710
                        log1p(total_opp_5s_w0)  0.030865  0.018826    1.639473 0.101115
                                max_size_5s_w1  0.012229  0.008874    1.377999 0.168204
                                avg_size_5s_w1  0.008880  0.009180    0.967342 0.333373
                       log1p(same_count_5s_w1)  0.015804  0.018907    0.835893 0.403215
                               opp_count_5s_w1 -0.027323  0.047744   -0.572294 0.567123
                       log1p(total_same_5s_w1) -0.015759  0.018412   -0.855919 0.392042
                        log1p(total_opp_5s_w1)  0.005842  0.013463    0.433953 0.664322
                                max_size_5s_w2 -0.000817  0.010183   -0.080245 0.936042
                                avg_size_5s_w2 -0.016012  0.009703   -1.650235 0.098895
                       log1p(same_count_5s_w2)  0.023686  0.018354    1.290508 0.196874
                               opp_count_5s_w2  0.074674  0.048254    1.547498 0.121743
                       log1p(total_same_5s_w2)  0.001808  0.018616    0.097118 0.922633
                        log1p(total_opp_5s_w2)  0.013751  0.013522    1.016926 0.309189
                               max_size_30s_w0 -0.014569  0.012119   -1.202158 0.229302
                               avg_size_30s_w0 -0.018344  0.012536   -1.463250 0.143399
                             same_count_30s_w0 -0.162739  0.742818   -0.219083 0.826586
                              opp_count_30s_w0  0.174461  0.738795    0.236143 0.813322
                             total_same_30s_w0  0.055572  0.022024    2.523313 0.011625
                              total_opp_30s_w0 -0.037476  0.021234   -1.764924 0.077577
                               max_size_30s_w1 -0.011151  0.009273   -1.202605 0.229129
                               avg_size_30s_w1  0.000774  0.009339    0.082824 0.933992
                             same_count_30s_w1 -0.125322  0.612069   -0.204752 0.837766
                              opp_count_30s_w1  0.104006  0.605569    0.171749 0.863635
                             total_same_30s_w1  0.044507  0.021770    2.044445 0.040910
                              total_opp_30s_w1  0.020032  0.020008    1.001221 0.316720
                               max_size_30s_w2 -0.015288  0.009428   -1.621503 0.104910
                               avg_size_30s_w2  0.006659  0.009777    0.681118 0.495797
                             same_count_30s_w2  0.057671  0.608137    0.094832 0.924449
                              opp_count_30s_w2 -0.053270  0.608984   -0.087474 0.930295
                      log1p(total_same_30s_w2) -0.024663  0.014597   -1.689597 0.091105
                              total_opp_30s_w2  0.018722  0.021137    0.885748 0.375753
                              max_size_300s_w0  0.010475  0.009573    1.094201 0.273867
                              avg_size_300s_w0 -0.010133  0.013122   -0.772178 0.440009
                            same_count_300s_w0 -0.294707  5.606716   -0.052563 0.958080
                             opp_count_300s_w0  0.203922  5.591967    0.036467 0.970910
                            total_same_300s_w0  0.048044  0.034079    1.409781 0.158604
                             total_opp_300s_w0  0.064234  0.036629    1.753639 0.079492
                              max_size_300s_w1 -0.008254  0.008333   -0.990553 0.321904
                              avg_size_300s_w1  0.019885  0.010251    1.939800 0.052404
                            same_count_300s_w1  0.001918  4.524817    0.000424 0.999662
                             opp_count_300s_w1  0.012576  4.490484    0.002800 0.997766
                            total_same_300s_w1 -0.059774  0.031576   -1.893043 0.058352
                             total_opp_300s_w1  0.050755  0.030136    1.684218 0.092140
                              max_size_300s_w2 -0.009997  0.008354   -1.196680 0.231431
                              avg_size_300s_w2  0.004880  0.009868    0.494561 0.620910
                            same_count_300s_w2  0.035615  4.507561    0.007901 0.993696
                             opp_count_300s_w2 -0.055554  4.522785   -0.012283 0.990200
                            total_same_300s_w2  0.008494  0.028689    0.296087 0.767164
                             total_opp_300s_w2  0.036728  0.029699    1.236650 0.216217
                           ret_autocov_80ms_w0 -0.009270  0.005204   -1.781211 0.074878
                               ret_sum_80ms_w0  0.030871  0.020491    1.506571 0.131921
                log1p(trade_intensity_80ms_w0) -0.000622  0.009440   -0.065841 0.947504
                           ret_autocov_80ms_w1  0.008253  0.006486    1.272474 0.203205
                               ret_sum_80ms_w1 -0.010287  0.013364   -0.769727 0.441462
                log1p(trade_intensity_80ms_w1)  0.030866  0.018355    1.681608 0.092645
                           ret_autocov_80ms_w2  0.002917  0.005960    0.489490 0.624495
                               ret_sum_80ms_w2 -0.014965  0.011270   -1.327870 0.184221
                log1p(trade_intensity_80ms_w2)  0.022542  0.018783    1.200131 0.230089
                             ret_autocov_1s_w0 -0.006871  0.009098   -0.755199 0.450130
                                 ret_sum_1s_w0  0.085454  0.040584    2.105601 0.035239
                         trade_intensity_1s_w0  0.005209  0.005092    1.022999 0.306308
                             ret_autocov_1s_w1 -0.001377  0.007935   -0.173494 0.862263
                                 ret_sum_1s_w1 -0.018936  0.025808   -0.733735 0.463110
                  log1p(trade_intensity_1s_w1)  0.016495  0.016631    0.991870 0.321261
                             ret_autocov_1s_w2 -0.002593  0.008135   -0.318760 0.749909
                                 ret_sum_1s_w2 -0.032216  0.014525   -2.217903 0.026561
                  log1p(trade_intensity_1s_w2) -0.013862  0.016689   -0.830627 0.406185
                             ret_autocov_5s_w0  0.000382  0.012505    0.030555 0.975625
                                 ret_sum_5s_w0 -0.015304  0.047768   -0.320383 0.748678
                         trade_intensity_5s_w0  0.103054  0.045833    2.248477 0.024546
                             ret_autocov_5s_w1 -0.007306  0.007021   -1.040562 0.298079
                                 ret_sum_5s_w1  0.006843  0.037813    0.180961 0.856398
                         trade_intensity_5s_w1 -0.009297  0.048120   -0.193202 0.846800
                             ret_autocov_5s_w2 -0.003636  0.007249   -0.501562 0.615976
                                 ret_sum_5s_w2  0.033380  0.028359    1.177058 0.239172
                         trade_intensity_5s_w2 -0.093815  0.049687   -1.888097 0.059013
                            ret_autocov_30s_w0 -0.010096  0.012003   -0.841085 0.400300
                                ret_sum_30s_w0  0.063587  0.048058    1.323140 0.185789
                        trade_intensity_30s_w0 -0.000943  1.395620   -0.000676 0.999461
                            ret_autocov_30s_w1  0.005658  0.009381    0.603161 0.546401
                                ret_sum_30s_w1  0.023206  0.036649    0.633186 0.526612
                        trade_intensity_30s_w1 -0.035803  1.149694   -0.031141 0.975157
                            ret_autocov_30s_w2  0.004266  0.008922    0.478152 0.632542
                                ret_sum_30s_w2 -0.030631  0.028542   -1.073192 0.283185
                        trade_intensity_30s_w2 -0.022988  1.152945   -0.019939 0.984092
                           ret_autocov_300s_w0  0.001512  0.011247    0.134436 0.893058
                               ret_sum_300s_w0  0.077459  0.042942    1.803818 0.071260
                       trade_intensity_300s_w0 -0.042885 11.079110   -0.003871 0.996912
                           ret_autocov_300s_w1 -0.012567  0.009913   -1.267670 0.204916
                               ret_sum_300s_w1  0.016290  0.030794    0.529016 0.596794
                       trade_intensity_300s_w1  0.010595  8.927347    0.001187 0.999053
                           ret_autocov_300s_w2 -0.004000  0.008058   -0.496371 0.619632
                               ret_sum_300s_w2 -0.017861  0.019888   -0.898083 0.369141
                       trade_intensity_300s_w2 -0.014683  8.942415   -0.001642 0.998690
                                  top_near_liq  0.025512  0.011312    2.255353 0.024111
                                   top_opp_liq -0.073962  0.012958   -5.707686 0.000000
                                  ob_near_half -0.131372  0.012530  -10.484600 0.000000
                                     totb_mean  0.001165  0.006096    0.191198 0.848371
                                    log1p(age)  0.099026  0.007722   12.823082 0.000000
                                    is_weekend -0.007038  0.007158   -0.983259 0.325480
  opp_count_80ms_w0 * log1p(total_opp_80ms_w0) -0.042509  0.020256   -2.098606 0.035852
       top_near_liq * log1p(total_opp_80ms_w0)  0.058610  0.011014    5.321617 0.000000
                ob_near_half * opp_count_1s_w0  0.028829  0.011161    2.583031 0.009794
            ret_vwap_80ms_w1 * opp_count_1s_w0  0.001584  0.007923    0.199884 0.841571
    log1p(amplitude_80ms_w0) * amplitude_1s_w0  0.034307  0.013358    2.568295 0.010220
log1p(amplitude_80ms_w0) * ret_autocov_300s_w1 -0.003200  0.008087   -0.395691 0.692333

Shadow consistency backtest (validation-stage selected threshold on test days):
 threshold_quantile  threshold  Sharpe1H365  Sortino1H365  ReturnPct  AnnualReturnPct  MaxDrawdownPct  ReturnOverMDD  DailyTrades  DailyTradingValuePct  MaxPositionValue  roundtrip_count  valid_for_selection
           0.950000   0.136275    33.563974     88.709399   0.038113        14.516269        0.008831       4.315984    10.434783             10.582610         88.361950                5                 True

Applied refit-period threshold for test: logistic=0.125012183189

Test balanced-inventory backtest (Logistic, selected threshold, refit on pre-test window):
 threshold_quantile  threshold  Sharpe1H365  Sortino1H365  ReturnPct  AnnualReturnPct  MaxDrawdownPct  ReturnOverMDD  DailyTrades  DailyTradingValuePct  MaxPositionValue  roundtrip_count  valid_for_selection
           0.950000   0.125012    19.857308     39.064914   0.010673         4.065210        0.004548       2.347004    19.826087             20.087575         88.361950                9                 True
