Fill surface OLS:
  R^2 = 0.884116
       term      coef  std_err  p_value
      const  0.515786 0.001379 0.000000
q_near_norm  0.035572 0.003692 0.000000
 q_opp_norm  0.013882 0.003695 0.000173
  imbalance -0.370570 0.002950 0.000000

Fill-probability gates:
                   name  threshold  selected_quantile  total_count  kept_count  kept_share  min_count_floor  kept_fill_count  min_fill_floor  floor_met
     dataset_gate_train   0.796806           0.800000      1527104      311708    0.204117              250    255105.000000       25.000000       True
trading_gate_validation   0.843537           0.980000     30240000      604803    0.020000              250              NaN             NaN       True
     dataset_gate_refit   0.787250           0.800000      1944595      446237    0.229476              250    355844.000000       25.000000       True
      trading_gate_test   0.834432           0.980000     30240002      604801    0.020000              250              NaN             NaN       True

Logistic train / validation / test metrics:
     split  n_orders  pos_rate  roc_auc  avg_precision  log_loss    brier  accuracy@0.5
     train    311708  0.079764 0.581353       0.106753  0.275133 0.072925      0.920223
validation     33768  0.071962 0.554425       0.089844  0.259054 0.066763      0.927831
      test     14283  0.063362 0.553982       0.082345  0.234940 0.059220      0.936568

Validation balanced-inventory backtest (Logistic):
 threshold_quantile  threshold  Sharpe1H365  Sortino1H365  ReturnPct  AnnualReturnPct  MaxDrawdownPct  ReturnOverMDD  DailyTrades  DailyTradingValuePct  MaxPositionValue  roundtrip_count  valid_for_selection
           0.800000   0.085642    -6.088116     -8.569592  -0.017678        -3.294903        0.045931      -0.384889   124.085106            121.723835         84.240850              121                 True
           0.850000   0.089882    11.216438     19.244557   0.032576         6.071680        0.028303       1.150990    90.382979             88.689728         84.240850               88                 True
           0.855000   0.090392    11.763956     20.302343   0.034090         6.353806        0.026711       1.276233    87.319149             85.679007         84.240850               85                 True
           0.900000   0.095850    -0.610077     -0.973343  -0.001809        -0.337107        0.044766      -0.040403    62.808511             61.620799         84.199950               61                 True
           0.900000   0.095850    -0.610077     -0.973343  -0.001809        -0.337107        0.044766      -0.040403    62.808511             61.620799         84.199950               61                 True
           0.935000   0.102625   -12.755952    -14.815363  -0.040767        -7.598185        0.062607      -0.651150    34.723404             34.085384         84.199950               34                 True
           0.950000   0.106470   -13.410345    -16.839657  -0.033601        -6.262612        0.069130      -0.486051    26.553191             26.024740         84.199950               26                 True
           0.950000   0.106470   -13.410345    -16.839657  -0.033601        -6.262612        0.069130      -0.486051    26.553191             26.024740         84.199950               26                 True
           0.975000   0.117713    -8.542711    -12.162632  -0.020585        -3.836614        0.052203      -0.394314    11.234043             10.964291         84.240850               11                 True
           0.980000   0.121521   -14.527717    -19.158672  -0.033511        -6.245942        0.057657      -0.581218    10.212766              9.972999         84.240850               10                 True
           0.985000   0.125619   -21.200177    -25.765260  -0.046003        -8.574130        0.055441      -0.829761     8.170213              7.947990         84.240850                8                 True
           0.987000   0.127605   -18.806754    -23.084616  -0.040739        -7.593134        0.050380      -0.808638     8.170213              7.945362         84.240850                8                 True
           0.990000   0.132313   -24.237640    -26.246895  -0.074951       -13.969627        0.076728      -0.976845     5.617021              5.450365         84.240850                5                 True
           1.000000   0.999999          NaN           NaN   0.000000         0.000000        0.000000            NaN     0.000000              0.000000          0.000000                0                False

Validation score-grid thresholds: (0.085641720891, 0.089882310107, 0.090391543135, 0.095849572867, 0.095849572867, 0.102624664307, 0.106469897553, 0.106469897553, 0.117713335156, 0.121521311849, 0.125618637651, 0.127605222926, 0.132312892526, 0.999998927116)

Selected threshold quantile: logistic=None, validation_threshold=None

Shadow consistency threshold sweep (validation-stage model/gates on test days):
 threshold_quantile  threshold  Sharpe1H365  Sortino1H365  ReturnPct  AnnualReturnPct  MaxDrawdownPct  ReturnOverMDD  DailyTrades  DailyTradingValuePct  MaxPositionValue  roundtrip_count  valid_for_selection
           0.800000   0.085642     0.067451      0.104638   0.000064         0.024195        0.012226       0.005196    19.826087             19.717281         78.861250                9                 True
           0.850000   0.089882    28.797663     65.260551   0.031729        12.084525        0.010528       3.013732    15.652174             15.516639         78.932350                7                 True
           0.855000   0.090392    28.797663     65.260551   0.031729        12.084525        0.010528       3.013732    15.652174             15.516639         78.932350                7                 True
           0.900000   0.095850    25.007938     58.276009   0.027659        10.534441        0.010528       2.627160    15.652174             15.509961         78.712150                7                 True
           0.900000   0.095850    25.007938     58.276009   0.027659        10.534441        0.010528       2.627160    15.652174             15.509961         78.712150                7                 True
           0.935000   0.102625    24.291810     79.930031   0.035893        13.670386        0.010528       3.409226    13.565217             13.426788         78.712150                6                 True
           0.950000   0.106470    26.595188    100.585557   0.037796        14.395499        0.008590       4.399988    12.521739             12.391228         78.996950                6                 True
           0.950000   0.106470    26.595188    100.585557   0.037796        14.395499        0.008590       4.399988    12.521739             12.391228         78.996950                6                 True
           0.975000   0.117713    26.007924     58.853464   0.036559        13.924157        0.009180       3.982601     7.304348              7.233204         78.996950                3                 True
           0.980000   0.121521    24.420077     52.362192   0.036292        13.822339        0.009180       3.953479     5.217391              5.154209         78.996950                2                 True
           0.985000   0.125619    24.420077     52.362192   0.036292        13.822339        0.009180       3.953479     5.217391              5.154209         78.996950                2                 True
           0.987000   0.127605    21.411256     41.584508   0.028822        10.977294        0.009180       3.139736     3.130435              3.104819         78.996950                1                 True
           0.990000   0.132313    21.411256     41.584508   0.028822        10.977294        0.009180       3.139736     3.130435              3.104819         78.996950                1                 True
           1.000000   0.999999          NaN           NaN   0.000000         0.000000        0.000000            NaN     0.000000              0.000000          0.000000                0                False

Test balanced-inventory threshold sweep (Logistic, refit on pre-test window):
 threshold_quantile  threshold  Sharpe1H365  Sortino1H365  ReturnPct  AnnualReturnPct  MaxDrawdownPct  ReturnOverMDD  DailyTrades  DailyTradingValuePct  MaxPositionValue  roundtrip_count  valid_for_selection
           0.800000   0.086319     6.456242      8.261953   0.010751         4.094606        0.022187       0.484551    30.260870             29.989374         78.996950               14                 True
           0.850000   0.091650     7.336334      9.377021   0.012051         4.589726        0.022187       0.543143    30.260870             29.993777         78.996950               14                 True
           0.855000   0.092262     7.336334      9.377021   0.012051         4.589726        0.022187       0.543143    30.260870             29.993777         78.996950               14                 True
           0.900000   0.099144     2.672280      3.430201   0.004450         1.694856        0.022187       0.200567    21.913043             21.743701         78.996950               10                 True
           0.900000   0.099144     2.672280      3.430201   0.004450         1.694856        0.022187       0.200567    21.913043             21.743701         78.996950               10                 True
           0.935000   0.107514    11.798813     15.500494   0.018721         7.130213        0.022187       0.843782    17.739130             17.555859         78.996950                8                 True
           0.950000   0.112766    36.790972    122.294385   0.057043        21.725882        0.009326       6.116698    13.565217             13.418662         78.996950                6                 True
           0.950000   0.112766    36.790972    122.294385   0.057043        21.725882        0.009326       6.116698    13.565217             13.418662         78.996950                6                 True
           0.975000   0.127540    26.346245     76.399391   0.035508        13.523953        0.008590       4.133600     9.391304              9.274289         78.996950                4                 True
           0.980000   0.132516    32.720507    106.912885   0.043379        16.521639        0.008590       5.049843     8.347826              8.246082         78.996950                4                 True
           0.985000   0.138878    32.720507    106.912885   0.043379        16.521639        0.008590       5.049843     8.347826              8.246082         78.996950                4                 True
           0.987000   0.142302    22.690372     62.292774   0.024505         9.333303        0.008590       2.852726     7.304348              7.206497         78.996950                3                 True
           0.990000   0.148721    20.555124     52.346008   0.011019         4.196718        0.005481       2.010321     4.173913              4.123821         78.712150                2                 True
           1.000000   0.994454          NaN           NaN   0.000000         0.000000        0.000000            NaN     0.000000              0.000000          0.000000                0                False

Logistic coefficients (refit on pre-test window):
                                          term      coef  std_err     z_value  p_value
                                         const -2.551736 0.005859 -435.504230 0.000000
                                     stdev_100 -0.090900 0.027174   -3.345096 0.000823
                                     stdev_500  0.017390 0.010839    1.604365 0.108634
                      log1p(amplitude_80ms_w0) -0.108414 0.018363   -5.903958 0.000000
                              ret_vwap_80ms_w0  0.005972 0.010596    0.563658 0.572987
                      log1p(amplitude_80ms_w1)  0.033859 0.015389    2.200159 0.027796
                              ret_vwap_80ms_w1  0.045341 0.012527    3.619459 0.000295
                      log1p(amplitude_80ms_w2)  0.014519 0.013981    1.038476 0.299048
                              ret_vwap_80ms_w2  0.009150 0.010133    0.903023 0.366514
                               amplitude_1s_w0 -0.041558 0.016955   -2.451102 0.014242
                                ret_vwap_1s_w0  0.008471 0.014321    0.591514 0.554176
                        log1p(amplitude_1s_w1) -0.000955 0.013977   -0.068293 0.945553
                                ret_vwap_1s_w1  0.002433 0.023755    0.102408 0.918433
                        log1p(amplitude_1s_w2) -0.037817 0.013895   -2.721525 0.006498
                                ret_vwap_1s_w2  0.058887 0.029583    1.990560 0.046529
                               amplitude_5s_w0  0.034249 0.015369    2.228505 0.025847
                                ret_vwap_5s_w0 -0.015512 0.016952   -0.915039 0.360171
                               amplitude_5s_w1 -0.007565 0.014519   -0.521022 0.602351
                                ret_vwap_5s_w1  0.007808 0.026312    0.296755 0.766654
                               amplitude_5s_w2 -0.016499 0.015045   -1.096705 0.272770
                                ret_vwap_5s_w2  0.042021 0.035704    1.176936 0.239221
                              amplitude_30s_w0 -0.026950 0.014727   -1.829949 0.067258
                               ret_vwap_30s_w0  0.019317 0.017381    1.111416 0.266389
                              amplitude_30s_w1  0.006177 0.013342    0.463011 0.643357
                               ret_vwap_30s_w1  0.062305 0.024839    2.508303 0.012131
                              amplitude_30s_w2  0.014111 0.013189    1.069929 0.284651
                               ret_vwap_30s_w2 -0.059415 0.032680   -1.818099 0.069049
                             amplitude_300s_w0  0.032357 0.015274    2.118434 0.034138
                              ret_vwap_300s_w0  0.019719 0.014208    1.387857 0.165181
                             amplitude_300s_w1  0.020225 0.014061    1.438364 0.150331
                              ret_vwap_300s_w1  0.008068 0.023988    0.336331 0.736622
                             amplitude_300s_w2  0.010771 0.013398    0.803949 0.421426
                              ret_vwap_300s_w2 -0.001115 0.032140   -0.034681 0.972334
                       log1p(max_size_80ms_w0)  0.009598 0.020283    0.473213 0.636062
                       log1p(avg_size_80ms_w0)  0.025961 0.009498    2.733354 0.006269
                     log1p(same_count_80ms_w0)  0.030869 0.008277    3.729463 0.000192
                             opp_count_80ms_w0  0.061437 0.026183    2.346424 0.018955
                     log1p(total_same_80ms_w0)  0.023162 0.009136    2.535121 0.011241
                      log1p(total_opp_80ms_w0) -0.081563 0.021318   -3.826087 0.000130
                       log1p(max_size_80ms_w1) -0.041411 0.019053   -2.173432 0.029748
                       log1p(avg_size_80ms_w1) -0.004058 0.008655   -0.468854 0.639174
                     log1p(same_count_80ms_w1) -0.022653 0.009309   -2.433575 0.014951
                      log1p(opp_count_80ms_w1) -0.074083 0.022171   -3.341481 0.000833
                     log1p(total_same_80ms_w1)  0.038488 0.009147    4.207858 0.000026
                      log1p(total_opp_80ms_w1)  0.064830 0.019624    3.303633 0.000954
                       log1p(max_size_80ms_w2) -0.050800 0.019802   -2.565341 0.010307
                       log1p(avg_size_80ms_w2) -0.004413 0.008966   -0.492171 0.622599
                     log1p(same_count_80ms_w2) -0.010518 0.010733   -0.979957 0.327107
                      log1p(opp_count_80ms_w2) -0.042365 0.020602   -2.056380 0.039746
                     log1p(total_same_80ms_w2)  0.022304 0.010460    2.132383 0.032975
                      log1p(total_opp_80ms_w2)  0.053496 0.019178    2.789479 0.005279
                                max_size_1s_w0  0.014650 0.006725    2.178336 0.029381
                                avg_size_1s_w0 -0.018716 0.008891   -2.105087 0.035284
                       log1p(same_count_1s_w0) -0.031117 0.013806   -2.253817 0.024208
                               opp_count_1s_w0  0.077813 0.022413    3.471836 0.000517
                       log1p(total_same_1s_w0) -0.004908 0.012673   -0.387237 0.698581
                        log1p(total_opp_1s_w0)  0.022549 0.014880    1.515424 0.129665
                         log1p(max_size_1s_w1) -0.022805 0.015188   -1.501510 0.133224
                                avg_size_1s_w1  0.004075 0.007180    0.567605 0.570303
                       log1p(same_count_1s_w1) -0.046901 0.015554   -3.015435 0.002566
                        log1p(opp_count_1s_w1) -0.009512 0.015996   -0.594654 0.552075
                       log1p(total_same_1s_w1)  0.037471 0.014876    2.518931 0.011771
                        log1p(total_opp_1s_w1)  0.035654 0.015382    2.317894 0.020455
                         log1p(max_size_1s_w2) -0.005797 0.015358   -0.377441 0.705846
                                avg_size_1s_w2  0.001368 0.007319    0.186837 0.851788
                       log1p(same_count_1s_w2)  0.030763 0.016060    1.915506 0.055428
                        log1p(opp_count_1s_w2)  0.015930 0.015534    1.025474 0.305140
                       log1p(total_same_1s_w2)  0.016190 0.015195    1.065490 0.286654
                        log1p(total_opp_1s_w2)  0.000788 0.015182    0.051932 0.958583
                                max_size_5s_w0 -0.010934 0.008652   -1.263836 0.206289
                                avg_size_5s_w0 -0.000843 0.010441   -0.080745 0.935645
                       log1p(same_count_5s_w0)  0.025479 0.020643    1.234251 0.217109
                               opp_count_5s_w0 -0.002245 0.038686   -0.058039 0.953718
                       log1p(total_same_5s_w0) -0.014690 0.019646   -0.747711 0.454634
                        log1p(total_opp_5s_w0)  0.005073 0.015726    0.322610 0.746990
                                max_size_5s_w1  0.000039 0.007059    0.005511 0.995603
                                avg_size_5s_w1  0.003476 0.007837    0.443550 0.657368
                       log1p(same_count_5s_w1)  0.036235 0.015752    2.300264 0.021433
                               opp_count_5s_w1  0.003899 0.040120    0.097192 0.922574
                       log1p(total_same_5s_w1) -0.002288 0.015923   -0.143720 0.885721
                        log1p(total_opp_5s_w1)  0.000595 0.011253    0.052877 0.957830
                                max_size_5s_w2 -0.003804 0.007978   -0.476888 0.633442
                                avg_size_5s_w2 -0.017905 0.007781   -2.301212 0.021380
                              same_count_5s_w2 -0.041564 0.081564   -0.509595 0.610336
                               opp_count_5s_w2  0.089743 0.077527    1.157576 0.247037
                       log1p(total_same_5s_w2)  0.022842 0.012819    1.781908 0.074764
                        log1p(total_opp_5s_w2) -0.009881 0.011280   -0.876027 0.381016
                               max_size_30s_w0 -0.002182 0.009556   -0.228360 0.819366
                               avg_size_30s_w0  0.021981 0.010859    2.024182 0.042951
                             same_count_30s_w0 -0.057793 0.615511   -0.093894 0.925193
                              opp_count_30s_w0  0.083723 0.612246    0.136747 0.891231
                      log1p(total_same_30s_w0) -0.031408 0.017236   -1.822185 0.068427
                              total_opp_30s_w0 -0.047302 0.017375   -2.722318 0.006483
                               max_size_30s_w1 -0.012713 0.007323   -1.736061 0.082553
                               avg_size_30s_w1  0.024633 0.008404    2.931169 0.003377
                             same_count_30s_w1 -0.034880 0.508925   -0.068536 0.945359
                              opp_count_30s_w1  0.076667 0.512196    0.149682 0.881015
                      log1p(total_same_30s_w1)  0.003566 0.013329    0.267564 0.789035
                              total_opp_30s_w1 -0.011456 0.016507   -0.694022 0.487668
                               max_size_30s_w2 -0.003008 0.007286   -0.412879 0.679696
                               avg_size_30s_w2  0.005312 0.008463    0.627702 0.530199
                             same_count_30s_w2  0.016988 0.509865    0.033319 0.973421
                              opp_count_30s_w2 -0.007788 0.512975   -0.015183 0.987886
                      log1p(total_same_30s_w2) -0.014148 0.013075   -1.082047 0.279232
                              total_opp_30s_w2 -0.018658 0.017170   -1.086617 0.277206
                              max_size_300s_w0  0.014355 0.008339    1.721420 0.085175
                              avg_size_300s_w0  0.000213 0.011332    0.018778 0.985019
                            same_count_300s_w0 -0.102877 4.744573   -0.021683 0.982701
                             opp_count_300s_w0  0.034477 4.725350    0.007296 0.994179
                            total_same_300s_w0  0.000470 0.025403    0.018501 0.985239
                             total_opp_300s_w0  0.063232 0.030673    2.061445 0.039261
                              max_size_300s_w1  0.002780 0.007281    0.381847 0.702575
                              avg_size_300s_w1  0.003456 0.009080    0.380561 0.703529
                            same_count_300s_w1 -0.132372 3.876121   -0.034151 0.972757
                             opp_count_300s_w1  0.155103 3.860281    0.040179 0.967950
                            total_same_300s_w1 -0.013709 0.026370   -0.519854 0.603165
                             total_opp_300s_w1 -0.014128 0.025794   -0.547721 0.583884
                              max_size_300s_w2 -0.006247 0.007217   -0.865553 0.386735
                              avg_size_300s_w2  0.011665 0.008571    1.360924 0.173538
                            same_count_300s_w2 -0.028131 3.898458   -0.007216 0.994243
                             opp_count_300s_w2  0.003126 3.897615    0.000802 0.999360
                            total_same_300s_w2  0.039591 0.024077    1.644343 0.100105
                             total_opp_300s_w2  0.019655 0.024879    0.790009 0.429522
                           ret_autocov_80ms_w0 -0.006913 0.005059   -1.366356 0.171827
                               ret_sum_80ms_w0  0.006300 0.015339    0.410696 0.681296
                       trade_intensity_80ms_w0 -0.004096 0.006219   -0.658690 0.510095
                           ret_autocov_80ms_w1  0.011006 0.007487    1.469947 0.141576
                               ret_sum_80ms_w1 -0.014519 0.010505   -1.382126 0.166933
                log1p(trade_intensity_80ms_w1)  0.022971 0.016001    1.435610 0.151113
                           ret_autocov_80ms_w2 -0.001969 0.005574   -0.353309 0.723857
                               ret_sum_80ms_w2 -0.011013 0.008496   -1.296182 0.194913
                log1p(trade_intensity_80ms_w2)  0.019329 0.016390    1.179309 0.238275
                             ret_autocov_1s_w0 -0.007711 0.007857   -0.981390 0.326401
                                 ret_sum_1s_w0  0.099609 0.031793    3.133021 0.001730
                         trade_intensity_1s_w0  0.003474 0.004739    0.733158 0.463462
                             ret_autocov_1s_w1 -0.007932 0.007442   -1.065896 0.286471
                                 ret_sum_1s_w1  0.051290 0.020787    2.467416 0.013609
                  log1p(trade_intensity_1s_w1)  0.004255 0.014420    0.295107 0.767912
                             ret_autocov_1s_w2  0.018449 0.009731    1.895945 0.057967
                                 ret_sum_1s_w2  0.003111 0.011860    0.262324 0.793072
                  log1p(trade_intensity_1s_w2) -0.004072 0.014532   -0.280206 0.779320
                             ret_autocov_5s_w0  0.001600 0.013480    0.118701 0.905512
                                 ret_sum_5s_w0  0.021424 0.039514    0.542182 0.587693
                         trade_intensity_5s_w0  0.003571 0.035795    0.099777 0.920521
                             ret_autocov_5s_w1 -0.014268 0.007038   -2.027140 0.042648
                                 ret_sum_5s_w1  0.016501 0.031405    0.525421 0.599291
                         trade_intensity_5s_w1 -0.007976 0.040520   -0.196848 0.843946
                             ret_autocov_5s_w2 -0.006494 0.006303   -1.030230 0.302902
                                 ret_sum_5s_w2  0.058829 0.024955    2.357408 0.018403
                         trade_intensity_5s_w2 -0.040360 0.134398   -0.300303 0.763946
                            ret_autocov_30s_w0 -0.008884 0.013443   -0.660844 0.508713
                                ret_sum_30s_w0  0.049442 0.039529    1.250782 0.211014
                        trade_intensity_30s_w0  0.021482 1.162116    0.018485 0.985252
                            ret_autocov_30s_w1 -0.006226 0.005872   -1.060165 0.289070
                                ret_sum_30s_w1  0.003744 0.029805    0.125603 0.900046
                        trade_intensity_30s_w1 -0.021551 0.970702   -0.022202 0.982287
                            ret_autocov_30s_w2 -0.013380 0.005932   -2.255533 0.024100
                                ret_sum_30s_w2 -0.026940 0.023845   -1.129789 0.258565
                        trade_intensity_30s_w2  0.002815 0.973376    0.002892 0.997693
                           ret_autocov_300s_w0  0.009483 0.009381    1.010864 0.312081
                               ret_sum_300s_w0  0.010137 0.036169    0.280274 0.779267
                       trade_intensity_300s_w0 -0.030221 9.381283   -0.003221 0.997430
                           ret_autocov_300s_w1 -0.016416 0.007965   -2.061061 0.039297
                               ret_sum_300s_w1  0.013789 0.026402    0.522265 0.601486
                       trade_intensity_300s_w1  0.014478 7.670318    0.001887 0.998494
                           ret_autocov_300s_w2 -0.003451 0.006470   -0.533325 0.593809
                               ret_sum_300s_w2 -0.010810 0.017912   -0.603514 0.546167
                       trade_intensity_300s_w2 -0.016613 7.732111   -0.002149 0.998286
                                  top_near_liq  0.063301 0.008703    7.273061 0.000000
                                   top_opp_liq -0.060860 0.008172   -7.446993 0.000000
                                  ob_near_half -0.083096 0.009912   -8.383701 0.000000
                                     totb_mean -0.003586 0.005755   -0.623031 0.533264
                                    log1p(age)  0.094294 0.005966   15.806558 0.000000
                                    is_weekend -0.002573 0.006091   -0.422356 0.672765
  opp_count_80ms_w0 * log1p(total_opp_80ms_w0) -0.013430 0.014979   -0.896546 0.369961
       top_near_liq * log1p(total_opp_80ms_w0)  0.039259 0.008087    4.854610 0.000001
                ob_near_half * opp_count_1s_w0  0.007107 0.010428    0.681464 0.495578
            ret_vwap_80ms_w1 * opp_count_1s_w0 -0.010921 0.007352   -1.485504 0.137410
    log1p(amplitude_80ms_w0) * amplitude_1s_w0  0.050592 0.011209    4.513363 0.000006
log1p(amplitude_80ms_w0) * ret_autocov_300s_w1  0.000062 0.006805    0.009100 0.992739

Shadow consistency backtest (validation-stage selected threshold on test days):
<empty>

Applied refit-period threshold for test: logistic=None

Test balanced-inventory backtest (Logistic, selected threshold, refit on pre-test window):
<empty>
