Fill surface OLS:
  R^2 = 0.881347
       term      coef  std_err  p_value
      const  0.517165 0.001419 0.000000
q_near_norm  0.024307 0.003801 0.000000
 q_opp_norm  0.022175 0.003804 0.000000
  imbalance -0.368642 0.003037 0.000000

Fill-probability gates:
                   name  threshold  selected_quantile  total_count  kept_count  kept_share  min_count_floor  kept_fill_count  min_fill_floor  floor_met
     dataset_gate_train   0.799137           0.800000      1511425      306875    0.203037              250    251986.000000       25.000000       True
trading_gate_validation   0.846409           0.980000     30239998      604800    0.020000              250              NaN             NaN       True
     dataset_gate_refit   0.787381           0.800000      1695419      339084    0.200000              250    276170.000000       25.000000       True
      trading_gate_test   0.841210           0.980000     30240000      604800    0.020000              250              NaN             NaN       True

Logistic train / validation / test metrics:
     split  n_orders  pos_rate  roc_auc  avg_precision  log_loss    brier  accuracy@0.5
     train    306875  0.079684 0.580046       0.106991  0.274969 0.072863      0.920293
validation     47512  0.079664 0.558473       0.098154  0.276881 0.073132      0.920294
      test     11045  0.073517 0.551066       0.095974  0.263319 0.068085      0.926211

Validation balanced-inventory backtest (Logistic):
 threshold_quantile  threshold  Sharpe1H365  Sortino1H365  ReturnPct  AnnualReturnPct  MaxDrawdownPct  ReturnOverMDD  DailyTrades  DailyTradingValuePct  MaxPositionValue  roundtrip_count  valid_for_selection
           0.800000   0.089354     2.636488      3.512218   0.007519         1.401446        0.035025       0.214677   163.404255            155.967046         89.111950              160                 True
           0.850000   0.093758     1.918731      2.621609   0.005404         1.007231        0.030878       0.175014   121.531915            115.945317         89.111950              119                 True
           0.855000   0.094329     2.271512      3.113374   0.006366         1.186573        0.027105       0.234876   118.468085            112.980812         89.111950              116                 True
           0.900000   0.100441     9.823833     14.119393   0.027531         5.131253        0.027951       0.984957    79.148936             75.557894         89.111950               77                 True
           0.900000   0.100441     9.823833     14.119393   0.027531         5.131253        0.027951       0.984957    79.148936             75.557894         89.111950               77                 True
           0.935000   0.107331    29.707051     79.498110   0.065207        12.153438        0.009667       6.745600    51.063830             48.771957         89.111950               50                 True
           0.950000   0.111579    26.457284     60.730061   0.061140        11.395520        0.010423       5.865649    39.829787             38.042387         89.111950               39                 True
           0.950000   0.111579    26.457284     60.730061   0.061140        11.395520        0.010423       5.865649    39.829787             38.042387         89.111950               39                 True
           0.975000   0.122964     6.540315     13.474968   0.014680         2.736037        0.020694       0.709352    21.446809             20.541142         89.111950               21                 True
           0.980000   0.126448    -8.310792    -10.833387  -0.025435        -4.740589        0.059750      -0.425682    18.893617             18.089918         89.111950               18                 True
           0.985000   0.131073   -12.940647    -16.483148  -0.039962        -7.448224        0.070274      -0.568656    15.829787             15.100083         88.561750               15                 True
           0.987000   0.133407   -13.024923    -16.584430  -0.040238        -7.499630        0.070274      -0.572581    14.808511             14.091075         88.561750               14                 True
           0.990000   0.138026    -5.825634     -8.076341  -0.016347        -3.046779        0.051356      -0.318308    13.276596             12.648344         88.561750               13                 True
           1.000000   0.905141          NaN           NaN   0.000000         0.000000        0.000000            NaN     0.000000              0.000000          0.000000                0                False

Validation score-grid thresholds: (0.089353552461, 0.093757707626, 0.094328928404, 0.100441282988, 0.100441282988, 0.107331073135, 0.11157864593, 0.11157864593, 0.122963549569, 0.12644849509, 0.131073107272, 0.133407466486, 0.138026412278, 0.905140578747)

Selected threshold quantile: logistic=0.9500000000000002, validation_threshold=0.11157864593

Shadow consistency threshold sweep (validation-stage model/gates on test days):
 threshold_quantile  threshold  Sharpe1H365  Sortino1H365  ReturnPct  AnnualReturnPct  MaxDrawdownPct  ReturnOverMDD  DailyTrades  DailyTradingValuePct  MaxPositionValue  roundtrip_count  valid_for_selection
           0.800000   0.089354   -67.226266    -55.947599  -0.078374       -29.850368        0.079057      -0.991363    32.347826             31.621450         84.085550               15                 True
           0.850000   0.093758   -68.028586    -56.007392  -0.086179       -32.823128        0.086862      -0.992139    26.086957             25.454006         84.085550               12                 True
           0.855000   0.094329   -68.028586    -56.007392  -0.086179       -32.823128        0.086862      -0.992139    26.086957             25.454006         84.085550               12                 True
           0.900000   0.100441   -46.098258    -42.858624  -0.059752       -22.757606        0.064559      -0.925541    17.739130             17.230797         84.085550                8                 True
           0.900000   0.100441   -46.098258    -42.858624  -0.059752       -22.757606        0.064559      -0.925541    17.739130             17.230797         84.085550                8                 True
           0.935000   0.107331   -14.996794    -18.987673  -0.020880        -7.952552        0.041672      -0.501058    13.565217             13.226574         84.085550                6                 True
           0.950000   0.111579   -31.636502    -34.981309  -0.051713       -19.695835        0.072505      -0.713235     7.304348              7.135924         84.085550                3                 True
           0.950000   0.111579   -31.636502    -34.981309  -0.051713       -19.695835        0.072505      -0.713235     7.304348              7.135924         84.085550                3                 True
           0.975000   0.122964   -37.848342    -38.793966  -0.057554       -21.920574        0.074222      -0.775435     4.173913              4.100873         84.085550                2                 True
           0.980000   0.126448   -37.848342    -38.793966  -0.057554       -21.920574        0.074222      -0.775435     4.173913              4.100873         84.085550                2                 True
           0.985000   0.131073   -37.848342    -38.793966  -0.057554       -21.920574        0.074222      -0.775435     4.173913              4.100873         84.085550                2                 True
           0.987000   0.133407   -37.848342    -38.793966  -0.057554       -21.920574        0.074222      -0.775435     4.173913              4.100873         84.085550                2                 True
           0.990000   0.138026   -37.848342    -38.793966  -0.057554       -21.920574        0.074222      -0.775435     4.173913              4.100873         84.085550                2                 True
           1.000000   0.905141          NaN           NaN   0.000000         0.000000        0.000000            NaN     0.000000              0.000000          0.000000                0                False

Test balanced-inventory threshold sweep (Logistic, refit on pre-test window):
 threshold_quantile  threshold  Sharpe1H365  Sortino1H365  ReturnPct  AnnualReturnPct  MaxDrawdownPct  ReturnOverMDD  DailyTrades  DailyTradingValuePct  MaxPositionValue  roundtrip_count  valid_for_selection
           0.800000   0.092458   -34.617357    -38.173282  -0.033018       -12.575698        0.035094      -0.940854    42.782609             41.703735         84.085550               20                 True
           0.850000   0.097406   -23.206374    -25.663580  -0.028209       -10.743861        0.033303      -0.847031    34.434783             33.457406         84.085550               16                 True
           0.855000   0.097992   -23.206374    -25.663580  -0.028209       -10.743861        0.033303      -0.847031    34.434783             33.457406         84.085550               16                 True
           0.900000   0.104736   -37.558689    -36.910824  -0.037777       -14.388118        0.038697      -0.976232    25.043478             24.335540         84.085550               12                 True
           0.900000   0.104736   -37.558689    -36.910824  -0.037777       -14.388118        0.038697      -0.976232    25.043478             24.335540         84.085550               12                 True
           0.935000   0.113171   -12.590575    -15.757736  -0.014018        -5.338861        0.030922      -0.453318    18.782609             18.293381         84.085550                9                 True
           0.950000   0.118437   -16.661733    -20.482628  -0.018780        -7.152764        0.035685      -0.526280    14.608696             14.189519         84.085550                7                 True
           0.950000   0.118437   -16.661733    -20.482628  -0.018780        -7.152764        0.035685      -0.526280    14.608696             14.189519         84.085550                7                 True
           0.975000   0.132479   -29.861419    -31.494716  -0.047260       -17.999844        0.063927      -0.739273    10.434783             10.144191         84.085550                5                 True
           0.980000   0.136885   -10.219962    -12.940317  -0.011210        -4.269382        0.029366      -0.381724    10.434783             10.106572         84.085550                5                 True
           0.985000   0.143053   -10.219962    -12.940317  -0.011210        -4.269382        0.029366      -0.381724    10.434783             10.106572         84.085550                5                 True
           0.987000   0.146054    17.686280     43.159040   0.012525         4.770292        0.008395       1.491926    10.434783             10.081804         84.085550                5                 True
           0.990000   0.151712    17.686280     43.159040   0.012525         4.770292        0.008395       1.491926    10.434783             10.081804         84.085550                5                 True
           1.000000   0.819625     0.333708      0.553298   0.000242         0.092202        0.011861       0.020411     1.043478              0.975472         78.857050                0                 True

Logistic coefficients (refit on pre-test window):
                                          term      coef   std_err     z_value  p_value
                                         const -2.474793  0.006502 -380.635487 0.000000
                                     stdev_100 -0.105737  0.030660   -3.448666 0.000563
                                     stdev_500 -0.001217  0.012308   -0.098886 0.921229
                      log1p(amplitude_80ms_w0) -0.077424  0.020880   -3.708141 0.000209
                              ret_vwap_80ms_w0  0.008958  0.013972    0.641143 0.521430
                      log1p(amplitude_80ms_w1)  0.019910  0.017935    1.110083 0.266963
                              ret_vwap_80ms_w1  0.038064  0.014101    2.699309 0.006948
                      log1p(amplitude_80ms_w2)  0.020945  0.016230    1.290519 0.196871
                              ret_vwap_80ms_w2  0.009197  0.011706    0.785664 0.432065
                               amplitude_1s_w0 -0.040573  0.019545   -2.075912 0.037902
                                ret_vwap_1s_w0  0.013376  0.016759    0.798123 0.424799
                        log1p(amplitude_1s_w1)  0.011506  0.015655    0.734969 0.462358
                                ret_vwap_1s_w1  0.030829  0.027961    1.102557 0.270219
                        log1p(amplitude_1s_w2) -0.048852  0.015635   -3.124458 0.001781
                                ret_vwap_1s_w2  0.008315  0.035137    0.236657 0.812923
                               amplitude_5s_w0  0.016327  0.017649    0.925105 0.354912
                                ret_vwap_5s_w0 -0.035185  0.019418   -1.812001 0.069986
                               amplitude_5s_w1 -0.012660  0.016863   -0.750756 0.452800
                                ret_vwap_5s_w1  0.021227  0.030301    0.700548 0.483585
                               amplitude_5s_w2 -0.014517  0.017396   -0.834510 0.403994
                                ret_vwap_5s_w2  0.079692  0.040442    1.970538 0.048777
                              amplitude_30s_w0 -0.008711  0.016513   -0.527508 0.597841
                               ret_vwap_30s_w0  0.000510  0.019818    0.025714 0.979485
                              amplitude_30s_w1  0.000780  0.015252    0.051134 0.959219
                               ret_vwap_30s_w1  0.080168  0.028135    2.849449 0.004380
                              amplitude_30s_w2  0.014621  0.014883    0.982401 0.325902
                               ret_vwap_30s_w2 -0.116949  0.037222   -3.141905 0.001679
                             amplitude_300s_w0  0.021370  0.017145    1.246417 0.212611
                              ret_vwap_300s_w0  0.009142  0.016154    0.565930 0.571441
                             amplitude_300s_w1  0.029306  0.015862    1.847536 0.064669
                              ret_vwap_300s_w1  0.001890  0.026840    0.070412 0.943866
                             amplitude_300s_w2  0.008467  0.015062    0.562153 0.574012
                              ret_vwap_300s_w2 -0.028290  0.036107   -0.783521 0.433321
                       log1p(max_size_80ms_w0)  0.009410  0.022980    0.409505 0.682169
                       log1p(avg_size_80ms_w0)  0.030220  0.010784    2.802134 0.005077
                     log1p(same_count_80ms_w0)  0.023186  0.009519    2.435754 0.014861
                             opp_count_80ms_w0  0.025346  0.030770    0.823703 0.410108
                     log1p(total_same_80ms_w0)  0.015960  0.010636    1.500504 0.133484
                      log1p(total_opp_80ms_w0) -0.069816  0.024442   -2.856399 0.004285
                       log1p(max_size_80ms_w1) -0.049804  0.021733   -2.291584 0.021930
                       log1p(avg_size_80ms_w1) -0.002539  0.009656   -0.262924 0.792609
                     log1p(same_count_80ms_w1) -0.013888  0.010479   -1.325350 0.185055
                      log1p(opp_count_80ms_w1) -0.064879  0.025251   -2.569315 0.010190
                     log1p(total_same_80ms_w1)  0.030626  0.010516    2.912354 0.003587
                      log1p(total_opp_80ms_w1)  0.070970  0.022364    3.173420 0.001507
                       log1p(max_size_80ms_w2) -0.050984  0.022754   -2.240658 0.025048
                       log1p(avg_size_80ms_w2) -0.007731  0.010112   -0.764511 0.444563
                     log1p(same_count_80ms_w2) -0.005854  0.012173   -0.480909 0.630581
                      log1p(opp_count_80ms_w2) -0.070903  0.023384   -3.032097 0.002429
                     log1p(total_same_80ms_w2)  0.019291  0.012096    1.594762 0.110765
                      log1p(total_opp_80ms_w2)  0.057039  0.022171    2.572752 0.010089
                                max_size_1s_w0  0.007963  0.008606    0.925259 0.354831
                                avg_size_1s_w0 -0.028466  0.010142   -2.806710 0.005005
                       log1p(same_count_1s_w0) -0.042573  0.015651   -2.720144 0.006525
                               opp_count_1s_w0  0.072386  0.026298    2.752529 0.005914
                       log1p(total_same_1s_w0) -0.002001  0.014471   -0.138288 0.890013
                        log1p(total_opp_1s_w0)  0.011087  0.016991    0.652523 0.514064
                         log1p(max_size_1s_w1) -0.050180  0.017209   -2.915851 0.003547
                                avg_size_1s_w1  0.007126  0.007938    0.897762 0.369313
                       log1p(same_count_1s_w1) -0.041687  0.017433   -2.391186 0.016794
                        log1p(opp_count_1s_w1) -0.013838  0.017885   -0.773735 0.439088
                       log1p(total_same_1s_w1)  0.044121  0.016773    2.630457 0.008527
                        log1p(total_opp_1s_w1)  0.048072  0.017330    2.773997 0.005537
                         log1p(max_size_1s_w2) -0.018807  0.017400   -1.080837 0.279770
                                avg_size_1s_w2  0.001692  0.008093    0.209115 0.834359
                       log1p(same_count_1s_w2)  0.041727  0.017952    2.324384 0.020105
                        log1p(opp_count_1s_w2)  0.015626  0.017351    0.900575 0.367814
                       log1p(total_same_1s_w2)  0.014707  0.017174    0.856313 0.391825
                        log1p(total_opp_1s_w2)  0.009496  0.017205    0.551939 0.580990
                                max_size_5s_w0 -0.009604  0.011020   -0.871548 0.383455
                                avg_size_5s_w0 -0.005786  0.011651   -0.496579 0.619486
                       log1p(same_count_5s_w0)  0.021846  0.023262    0.939115 0.347672
                               opp_count_5s_w0 -0.007312  0.046578   -0.156988 0.875254
                       log1p(total_same_5s_w0)  0.001268  0.022083    0.057416 0.954214
                        log1p(total_opp_5s_w0)  0.029808  0.017814    1.673362 0.094256
                                max_size_5s_w1  0.005980  0.008098    0.738493 0.460215
                                avg_size_5s_w1 -0.005275  0.008878   -0.594195 0.552382
                       log1p(same_count_5s_w1)  0.019907  0.018042    1.103386 0.269859
                               opp_count_5s_w1 -0.001945  0.048728   -0.039909 0.968166
                       log1p(total_same_5s_w1)  0.005222  0.018046    0.289352 0.772312
                        log1p(total_opp_5s_w1)  0.010039  0.012753    0.787180 0.431176
                                max_size_5s_w2 -0.010999  0.010184   -1.080039 0.280125
                                avg_size_5s_w2 -0.023832  0.009219   -2.585046 0.009737
                       log1p(same_count_5s_w2) -0.003621  0.017693   -0.204667 0.837832
                               opp_count_5s_w2  0.108843  0.049313    2.207195 0.027300
                       log1p(total_same_5s_w2)  0.045209  0.018123    2.494524 0.012613
                        log1p(total_opp_5s_w2)  0.000150  0.012781    0.011761 0.990616
                               max_size_30s_w0 -0.005422  0.011181   -0.484918 0.627735
                               avg_size_30s_w0  0.036537  0.012128    3.012552 0.002591
                             same_count_30s_w0 -0.054688  0.679850   -0.080441 0.935887
                              opp_count_30s_w0  0.085039  0.678762    0.125286 0.900297
                      log1p(total_same_30s_w0) -0.061231  0.019350   -3.164426 0.001554
                              total_opp_30s_w0 -0.054113  0.020662   -2.619009 0.008819
                               max_size_30s_w1 -0.004438  0.008354   -0.531203 0.595278
                               avg_size_30s_w1  0.005964  0.009456    0.630672 0.528255
                             same_count_30s_w1 -0.068952  0.571299   -0.120693 0.903934
                              opp_count_30s_w1  0.082403  0.576685    0.142891 0.886376
                      log1p(total_same_30s_w1)  0.015856  0.015002    1.056951 0.290534
                              total_opp_30s_w1  0.000023  0.019785    0.001140 0.999090
                               max_size_30s_w2  0.006956  0.008144    0.854076 0.393063
                               avg_size_30s_w2  0.010031  0.009266    1.082520 0.279022
                             same_count_30s_w2  0.028685  0.561606    0.051077 0.959264
                              opp_count_30s_w2  0.005345  0.567928    0.009412 0.992490
                      log1p(total_same_30s_w2) -0.010418  0.014654   -0.710922 0.477133
                              total_opp_30s_w2 -0.037305  0.020699   -1.802216 0.071511
                              max_size_300s_w0  0.005776  0.009670    0.597373 0.550258
                              avg_size_300s_w0 -0.001585  0.012517   -0.126619 0.899242
                            same_count_300s_w0 -0.166382  5.329214   -0.031221 0.975093
                             opp_count_300s_w0  0.076385  5.329276    0.014333 0.988564
                            total_same_300s_w0  0.001263  0.028875    0.043742 0.965110
                             total_opp_300s_w0  0.094074  0.034807    2.702714 0.006878
                              max_size_300s_w1 -0.001983  0.008433   -0.235158 0.814086
                              avg_size_300s_w1  0.010830  0.009943    1.089190 0.276070
                            same_count_300s_w1 -0.096880  4.327958   -0.022385 0.982141
                             opp_count_300s_w1  0.155117  4.315878    0.035941 0.971329
                            total_same_300s_w1 -0.039691  0.029827   -1.330699 0.183288
                             total_opp_300s_w1 -0.018669  0.029242   -0.638427 0.523196
                              max_size_300s_w2 -0.000551  0.008020   -0.068687 0.945239
                              avg_size_300s_w2  0.013434  0.009376    1.432774 0.151922
                            same_count_300s_w2 -0.125133  4.326158   -0.028925 0.976925
                             opp_count_300s_w2  0.086865  4.320314    0.020106 0.983959
                            total_same_300s_w2  0.082261  0.027200    3.024322 0.002492
                             total_opp_300s_w2 -0.006980  0.028334   -0.246363 0.805401
                           ret_autocov_80ms_w0  0.007931  0.006904    1.148710 0.250676
                               ret_sum_80ms_w0  0.012740  0.021375    0.596012 0.551167
                       trade_intensity_80ms_w0 -0.001967  0.006827   -0.288062 0.773299
                           ret_autocov_80ms_w1 -0.002393  0.004913   -0.487117 0.626175
                               ret_sum_80ms_w1 -0.013530  0.013141   -1.029641 0.303178
                log1p(trade_intensity_80ms_w1)  0.018264  0.018024    1.013304 0.310915
                           ret_autocov_80ms_w2 -0.002919  0.004874   -0.598791 0.549312
                               ret_sum_80ms_w2 -0.006677  0.010363   -0.644342 0.519354
                log1p(trade_intensity_80ms_w2)  0.039190  0.018359    2.134715 0.032784
                             ret_autocov_1s_w0  0.001918  0.006410    0.299277 0.764729
                                 ret_sum_1s_w0  0.080020  0.038151    2.097450 0.035954
                         trade_intensity_1s_w0 -0.002075  0.007135   -0.290731 0.771257
                             ret_autocov_1s_w1 -0.005865  0.006732   -0.871272 0.383606
                                 ret_sum_1s_w1  0.026777  0.025445    1.052368 0.292631
                  log1p(trade_intensity_1s_w1)  0.008596  0.015944    0.539140 0.589790
                             ret_autocov_1s_w2  0.011071  0.008462    1.308360 0.190751
                                 ret_sum_1s_w2 -0.019785  0.014102   -1.403013 0.160613
                  log1p(trade_intensity_1s_w2) -0.003602  0.015993   -0.225234 0.821797
                             ret_autocov_5s_w0 -0.017109  0.013399   -1.276887 0.201642
                                 ret_sum_5s_w0  0.046773  0.045983    1.017182 0.309067
                         trade_intensity_5s_w0 -0.018020  0.043786   -0.411541 0.680676
                             ret_autocov_5s_w1  0.004251  0.009746    0.436171 0.662712
                                 ret_sum_5s_w1  0.048079  0.037379    1.286278 0.198346
                         trade_intensity_5s_w1 -0.014578  0.048805   -0.298689 0.765177
                             ret_autocov_5s_w2 -0.012597  0.008187   -1.538642 0.123892
                                 ret_sum_5s_w2  0.049924  0.028675    1.741051 0.081675
                         trade_intensity_5s_w2 -0.106361  0.050070   -2.124260 0.033648
                            ret_autocov_30s_w0 -0.012029  0.015153   -0.793808 0.427307
                                ret_sum_30s_w0  0.016877  0.045694    0.369342 0.711873
                        trade_intensity_30s_w0  0.023600  1.284123    0.018379 0.985337
                            ret_autocov_30s_w1  0.000559  0.009651    0.057945 0.953792
                                ret_sum_30s_w1 -0.022077  0.034937   -0.631894 0.527456
                        trade_intensity_30s_w1 -0.013259  1.088761   -0.012178 0.990284
                            ret_autocov_30s_w2 -0.004889  0.008446   -0.578787 0.562733
                                ret_sum_30s_w2 -0.050275  0.027891   -1.802536 0.071461
                        trade_intensity_30s_w2 -0.000528  1.072832   -0.000492 0.999607
                           ret_autocov_300s_w0  0.002611  0.011916    0.219118 0.826558
                               ret_sum_300s_w0 -0.000108  0.040996   -0.002641 0.997893
                       trade_intensity_300s_w0 -0.044939 10.556226   -0.004257 0.996603
                           ret_autocov_300s_w1 -0.010577  0.009702   -1.090207 0.275622
                               ret_sum_300s_w1 -0.012929  0.030030   -0.430551 0.666795
                       trade_intensity_300s_w1  0.032900  8.568944    0.003839 0.996937
                           ret_autocov_300s_w2  0.000899  0.007379    0.121872 0.903000
                               ret_sum_300s_w2 -0.004877  0.020264   -0.240673 0.809809
                       trade_intensity_300s_w2 -0.018297  8.574167   -0.002134 0.998297
                                  top_near_liq  0.031377  0.009892    3.171868 0.001515
                                   top_opp_liq -0.028836  0.007609   -3.789934 0.000151
                                  ob_near_half -0.103037  0.011284   -9.131432 0.000000
                                     totb_mean -0.011558  0.007661   -1.508697 0.131376
                                    log1p(age)  0.093475  0.006913   13.521408 0.000000
                                    is_weekend -0.009234  0.007118   -1.297274 0.194537
  opp_count_80ms_w0 * log1p(total_opp_80ms_w0)  0.012780  0.016612    0.769350 0.441685
       top_near_liq * log1p(total_opp_80ms_w0)  0.037139  0.009481    3.917001 0.000090
                ob_near_half * opp_count_1s_w0  0.028012  0.011650    2.404401 0.016199
            ret_vwap_80ms_w1 * opp_count_1s_w0 -0.015216  0.007902   -1.925558 0.054160
    log1p(amplitude_80ms_w0) * amplitude_1s_w0  0.027598  0.012372    2.230617 0.025707
log1p(amplitude_80ms_w0) * ret_autocov_300s_w1  0.003325  0.008778    0.378831 0.704813

Shadow consistency backtest (validation-stage selected threshold on test days):
 threshold_quantile  threshold  Sharpe1H365  Sortino1H365  ReturnPct  AnnualReturnPct  MaxDrawdownPct  ReturnOverMDD  DailyTrades  DailyTradingValuePct  MaxPositionValue  roundtrip_count  valid_for_selection
           0.950000   0.111579   -31.636502    -34.981309  -0.051713       -19.695835        0.072505      -0.713235     7.304348              7.135924         84.085550                3                 True

Applied refit-period threshold for test: logistic=0.118436614051

Test balanced-inventory backtest (Logistic, selected threshold, refit on pre-test window):
 threshold_quantile  threshold  Sharpe1H365  Sortino1H365  ReturnPct  AnnualReturnPct  MaxDrawdownPct  ReturnOverMDD  DailyTrades  DailyTradingValuePct  MaxPositionValue  roundtrip_count  valid_for_selection
           0.950000   0.118437   -16.661733    -20.482628  -0.018780        -7.152764        0.035685      -0.526280    14.608696             14.189519         84.085550                7                 True
