Fill surface OLS:
  R^2 = 0.856892
       term      coef  std_err  p_value
      const  0.528781 0.001626 0.000000
q_near_norm  0.012360 0.004353 0.004524
 q_opp_norm  0.016378 0.004357 0.000171
  imbalance -0.376979 0.003479 0.000000

Fill-probability gates:
                   name  threshold  selected_quantile  total_count  kept_count  kept_share  min_count_floor  kept_fill_count  min_fill_floor  floor_met
     dataset_gate_train   0.802834           0.800000      1515651      303131    0.200001              250    252127.000000       25.000000       True
trading_gate_validation   0.858641           0.980000     30239998      604801    0.020000              250              NaN             NaN       True
     dataset_gate_refit   0.800801           0.800000      1494693      298939    0.200000              250    248097.000000       25.000000       True
      trading_gate_test   0.856920           0.980000     30240000      604801    0.020000              250              NaN             NaN       True

Logistic train / validation / test metrics:
     split  n_orders  pos_rate  roc_auc  avg_precision  log_loss    brier  accuracy@0.5
     train    303130  0.086395 0.581638       0.114152  0.290783 0.078388      0.913592
validation     47400  0.077848 0.564865       0.097934  0.271790 0.071525      0.922152
      test      5464  0.104685 0.618557       0.164239  0.327284 0.092155      0.895132

Validation balanced-inventory backtest (Logistic):
 threshold_quantile  threshold  Sharpe1H365  Sortino1H365  ReturnPct  AnnualReturnPct  MaxDrawdownPct  ReturnOverMDD  DailyTrades  DailyTradingValuePct  MaxPositionValue  roundtrip_count  valid_for_selection
           0.800000   0.094076    17.638628     27.539893   0.027048         5.041365        0.013854       1.952339   161.872340            162.447072         90.575950              158                 True
           0.850000   0.098921    31.447422     70.973350   0.049232         9.176044        0.012577       3.914444   117.957447            118.378234         90.575950              115                 True
           0.855000   0.099459    33.592776     78.001451   0.053283         9.930963        0.010819       4.925079   114.893617            115.299797         90.575950              112                 True
           0.900000   0.105718    15.968041     26.039809   0.030232         5.634681        0.014091       2.145434    77.106383             77.406628         90.575950               75                 True
           0.900000   0.105718    15.968041     26.039809   0.030232         5.634681        0.014091       2.145434    77.106383             77.406628         90.575950               75                 True
           0.935000   0.113099     0.048414      0.065471   0.000067         0.012560        0.027666       0.002436    48.510638             48.705493         90.575950               47                 True
           0.950000   0.117886    15.162341     28.833934   0.020117         3.749424        0.012811       1.570297    39.319149             39.469743         90.575950               38                 True
           0.950000   0.117886    15.162341     28.833934   0.020117         3.749424        0.012811       1.570297    39.319149             39.469743         90.575950               38                 True
           0.975000   0.130694   -12.439097    -15.057656  -0.017266        -3.218065        0.028237      -0.611471    17.872340             17.947036         90.575950               17                 True
           0.980000   0.134607    -3.789402     -4.833758  -0.005402        -1.006865        0.027960      -0.193208    12.765957             12.813116         90.079050               12                 True
           0.985000   0.140902    -9.115820    -10.922254  -0.011077        -2.064544        0.029027      -0.381606     8.680851              8.720898         90.122950                8                 True
           0.987000   0.143166   -11.666196    -14.305506  -0.017664        -3.292326        0.032177      -0.548974     7.659574              7.694064         90.122950                7                 True
           0.990000   0.147229    -7.114500     -9.493827  -0.009362        -1.744853        0.022588      -0.414450     4.595745              4.615919         90.575950                4                 True
           1.000000   0.339910          NaN           NaN   0.000000         0.000000        0.000000            NaN     0.000000              0.000000          0.000000                0                False

Validation score-grid thresholds: (0.094076357782, 0.098921460658, 0.099459044933, 0.105718175322, 0.105718175322, 0.113098814338, 0.11788582243, 0.11788582243, 0.130694170296, 0.134606540203, 0.140902090222, 0.143166027606, 0.147229323834, 0.339910119772)

Selected threshold quantile: logistic=0.9500000000000002, validation_threshold=0.11788582243

Shadow consistency threshold sweep (validation-stage model/gates on test days):
 threshold_quantile  threshold  Sharpe1H365  Sortino1H365  ReturnPct  AnnualReturnPct  MaxDrawdownPct  ReturnOverMDD  DailyTrades  DailyTradingValuePct  MaxPositionValue  roundtrip_count  valid_for_selection
           0.800000   0.094076    46.343662    220.697624   0.009755         3.715506        0.000779      12.527754   163.826087            163.692066         89.744450               78                 True
           0.850000   0.098921    47.720564    145.282334   0.007080         2.696412        0.000603      11.746627   138.782609            138.680046         89.744450               66                 True
           0.855000   0.099459    46.385298    134.420707   0.006550         2.494822        0.000603      10.868423   138.782609            138.679494         89.744450               66                 True
           0.900000   0.105718    44.752319    173.467491   0.007898         3.007933        0.000603      13.103733   122.086957            122.007433         89.744450               58                 True
           0.900000   0.105718    44.752319    173.467491   0.007898         3.007933        0.000603      13.103733   122.086957            122.007433         89.744450               58                 True
           0.935000   0.113099    34.884768     85.614814   0.005234         1.993645        0.000879       5.952878    94.956522             94.884129         89.744450               45                 True
           0.950000   0.117886    11.865483     21.370939   0.002275         0.866605        0.001597       1.424820    80.347826             80.293145         89.738450               38                 True
           0.950000   0.117886    11.865483     21.370939   0.002275         0.866605        0.001597       1.424820    80.347826             80.293145         89.738450               38                 True
           0.975000   0.130694     8.480642     13.961447   0.001659         0.632026        0.002438       0.680577    49.043478             49.004075         89.738450               23                 True
           0.980000   0.134607   -10.054509    -13.791781  -0.002320        -0.883750        0.002792      -0.831217    40.695652             40.672848         89.738450               19                 True
           0.985000   0.140902   -14.508803    -19.536180  -0.003420        -1.302742        0.003663      -0.933717    28.173913             28.159991         89.738450               13                 True
           0.987000   0.143166   -14.508803    -19.536180  -0.003420        -1.302742        0.003663      -0.933717    28.173913             28.159991         89.738450               13                 True
           0.990000   0.147229     6.561250     10.007346   0.001649         0.628054        0.003185       0.517766    26.086957             26.083212         89.738450               12                 True
           1.000000   0.339910          NaN           NaN   0.000000         0.000000        0.000000            NaN     0.000000              0.000000          0.000000                0                False

Test balanced-inventory threshold sweep (Logistic, refit on pre-test window):
 threshold_quantile  threshold  Sharpe1H365  Sortino1H365  ReturnPct  AnnualReturnPct  MaxDrawdownPct  ReturnOverMDD  DailyTrades  DailyTradingValuePct  MaxPositionValue  roundtrip_count  valid_for_selection
           0.800000   0.099444    36.468447    100.764865   0.007578         2.886121        0.001342       5.644872   161.739130            161.612792         89.806750               77                 True
           0.850000   0.104911    44.465620    139.427895   0.008726         3.323328        0.001190       7.333981   145.043478            144.928613         89.806750               69                 True
           0.855000   0.105541    45.583459    197.658465   0.009909         3.774012        0.000867      11.428404   142.956522            142.848873         89.806750               68                 True
           0.900000   0.112792    25.196100     73.707402   0.005572         2.122192        0.001535       3.630644   117.913043            117.820248         89.806750               56                 True
           0.900000   0.112792    25.196100     73.707402   0.005572         2.122192        0.001535       3.630644   117.913043            117.820248         89.806750               56                 True
           0.935000   0.121563    27.704054     60.295877   0.005773         2.198649        0.002386       2.419589    82.434783             82.361257         89.738450               39                 True
           0.950000   0.127118    23.562366     53.826893   0.004954         1.886866        0.002092       2.367747    69.913043             69.833220         89.738450               33                 True
           0.950000   0.127118    23.562366     53.826893   0.004954         1.886866        0.002092       2.367747    69.913043             69.833220         89.738450               33                 True
           0.975000   0.140814   -11.857641    -17.468068  -0.002419        -0.921441        0.003708      -0.652422    32.347826             32.321892         89.738450               15                 True
           0.980000   0.145347   -18.334971    -24.336261  -0.004354        -1.658445        0.004354      -1.000000    26.086957             26.076498         89.738450               12                 True
           0.985000   0.150979   -14.382235    -18.521900  -0.003049        -1.161228        0.004465      -0.682802    26.086957             26.074615         89.738450               12                 True
           0.987000   0.153621    11.053730     17.362475   0.002694         1.026161        0.003256       0.827586    21.913043             21.914842         89.738450               10                 True
           0.990000   0.158928    -5.426323     -7.761714  -0.001242        -0.473047        0.003256      -0.381506    13.565217             13.565985         89.738450                6                 True
           1.000000   0.812077          NaN           NaN   0.000000         0.000000        0.000000            NaN     0.000000              0.000000          0.000000                0                False

Logistic coefficients (refit on pre-test window):
                                          term      coef   std_err     z_value  p_value
                                         const -2.433825  0.006838 -355.916794 0.000000
                                     stdev_100 -0.033051  0.031151   -1.060988 0.288695
                                     stdev_500 -0.031943  0.013438   -2.377031 0.017453
                      log1p(amplitude_80ms_w0) -0.064152  0.021867   -2.933775 0.003349
                              ret_vwap_80ms_w0 -0.001173  0.014650   -0.080088 0.936168
                      log1p(amplitude_80ms_w1)  0.016301  0.019415    0.839563 0.401154
                              ret_vwap_80ms_w1  0.010183  0.015392    0.661578 0.508242
                      log1p(amplitude_80ms_w2)  0.046243  0.016475    2.806867 0.005003
                              ret_vwap_80ms_w2  0.004747  0.012666    0.374806 0.707805
                               amplitude_1s_w0 -0.038541  0.021605   -1.783948 0.074432
                                ret_vwap_1s_w0  0.033019  0.018111    1.823136 0.068283
                        log1p(amplitude_1s_w1) -0.017986  0.016280   -1.104778 0.269256
                                ret_vwap_1s_w1  0.026137  0.029851    0.875564 0.381267
                        log1p(amplitude_1s_w2) -0.021407  0.016133   -1.326969 0.184519
                                ret_vwap_1s_w2  0.032983  0.036026    0.915530 0.359913
                               amplitude_5s_w0  0.004124  0.019149    0.215359 0.829488
                                ret_vwap_5s_w0 -0.003368  0.020720   -0.162555 0.870869
                               amplitude_5s_w1 -0.029105  0.018280   -1.592187 0.111343
                                ret_vwap_5s_w1 -0.019200  0.032083   -0.598443 0.549544
                               amplitude_5s_w2 -0.012234  0.018762   -0.652052 0.514367
                                ret_vwap_5s_w2  0.081325  0.043135    1.885349 0.059383
                              amplitude_30s_w0  0.002177  0.017807    0.122279 0.902678
                               ret_vwap_30s_w0 -0.024988  0.020936   -1.193549 0.232655
                              amplitude_30s_w1  0.003367  0.016172    0.208188 0.835082
                               ret_vwap_30s_w1  0.002860  0.030333    0.094275 0.924891
                              amplitude_30s_w2  0.008805  0.015702    0.560753 0.574966
                               ret_vwap_30s_w2 -0.053214  0.040578   -1.311421 0.189715
                             amplitude_300s_w0  0.030934  0.018272    1.692954 0.090464
                              ret_vwap_300s_w0  0.042891  0.017400    2.465053 0.013699
                             amplitude_300s_w1  0.014335  0.017156    0.835564 0.403400
                              ret_vwap_300s_w1  0.021968  0.028610    0.767834 0.442586
                             amplitude_300s_w2 -0.012520  0.016482   -0.759598 0.447495
                              ret_vwap_300s_w2  0.023941  0.038121    0.628028 0.529986
                       log1p(max_size_80ms_w0)  0.030501  0.025148    1.212852 0.225186
                       log1p(avg_size_80ms_w0)  0.028691  0.011593    2.474845 0.013329
                     log1p(same_count_80ms_w0)  0.041179  0.010403    3.958394 0.000075
                             opp_count_80ms_w0  0.095607  0.033961    2.815240 0.004874
                     log1p(total_same_80ms_w0) -0.031015  0.012217   -2.538811 0.011123
                      log1p(total_opp_80ms_w0) -0.088161  0.027145   -3.247837 0.001163
                       log1p(max_size_80ms_w1)  0.029067  0.023779    1.222354 0.221574
                       log1p(avg_size_80ms_w1) -0.010179  0.010278   -0.990423 0.321968
                     log1p(same_count_80ms_w1) -0.013536  0.011345   -1.193045 0.232852
                      log1p(opp_count_80ms_w1) -0.018166  0.026329   -0.689974 0.490211
                     log1p(total_same_80ms_w1)  0.004004  0.012075    0.331574 0.740211
                      log1p(total_opp_80ms_w1)  0.001444  0.024368    0.059250 0.952753
                       log1p(max_size_80ms_w2) -0.026690  0.024026   -1.110880 0.266620
                       log1p(avg_size_80ms_w2) -0.000656  0.010424   -0.062981 0.949781
                     log1p(same_count_80ms_w2) -0.004493  0.012571   -0.357410 0.720785
                      log1p(opp_count_80ms_w2) -0.066520  0.024707   -2.692356 0.007095
                     log1p(total_same_80ms_w2) -0.004983  0.013299   -0.374703 0.707882
                      log1p(total_opp_80ms_w2)  0.055162  0.023286    2.368825 0.017845
                                max_size_1s_w0 -0.006033  0.011127   -0.542212 0.587672
                                avg_size_1s_w0 -0.031984  0.010423   -3.068679 0.002150
                       log1p(same_count_1s_w0) -0.048385  0.016698   -2.897735 0.003759
                               opp_count_1s_w0  0.034067  0.027784    1.226148 0.220143
                       log1p(total_same_1s_w0)  0.023979  0.015466    1.550402 0.121045
                        log1p(total_opp_1s_w0)  0.014554  0.018725    0.777261 0.437005
                         log1p(max_size_1s_w1) -0.027670  0.018422   -1.502002 0.133097
                                avg_size_1s_w1 -0.002349  0.008647   -0.271616 0.785917
                       log1p(same_count_1s_w1)  0.001441  0.018305    0.078704 0.937268
                        log1p(opp_count_1s_w1) -0.024569  0.018822   -1.305324 0.191783
                       log1p(total_same_1s_w1)  0.028032  0.017609    1.591941 0.111398
                        log1p(total_opp_1s_w1)  0.052180  0.018600    2.805348 0.005026
                         log1p(max_size_1s_w2)  0.024615  0.018423    1.336141 0.181503
                                avg_size_1s_w2 -0.003285  0.008496   -0.386707 0.698973
                       log1p(same_count_1s_w2)  0.051713  0.018844    2.744347 0.006063
                        log1p(opp_count_1s_w2) -0.007433  0.018238   -0.407546 0.683607
                       log1p(total_same_1s_w2) -0.003548  0.018164   -0.195318 0.845144
                        log1p(total_opp_1s_w2) -0.013957  0.018206   -0.766591 0.443325
                                max_size_5s_w0 -0.010343  0.011714   -0.882909 0.377285
                                avg_size_5s_w0  0.028359  0.011804    2.402587 0.016280
                       log1p(same_count_5s_w0) -0.001711  0.025153   -0.068020 0.945769
                               opp_count_5s_w0 -0.070969  0.053216   -1.333592 0.182338
                       log1p(total_same_5s_w0) -0.039048  0.023021   -1.696176 0.089853
                        log1p(total_opp_5s_w0)  0.012909  0.019111    0.675452 0.499389
                                max_size_5s_w1  0.002886  0.009331    0.309298 0.757094
                                avg_size_5s_w1  0.010951  0.009306    1.176726 0.239305
                       log1p(same_count_5s_w1)  0.023528  0.019395    1.213106 0.225089
                               opp_count_5s_w1 -0.015959  0.047430   -0.336466 0.736520
                       log1p(total_same_5s_w1) -0.028721  0.018852   -1.523523 0.127628
                        log1p(total_opp_5s_w1) -0.011365  0.013673   -0.831227 0.405845
                                max_size_5s_w2  0.006069  0.009482    0.640066 0.522130
                                avg_size_5s_w2 -0.022298  0.009913   -2.249451 0.024484
                       log1p(same_count_5s_w2)  0.021043  0.018787    1.120088 0.262676
                               opp_count_5s_w2  0.063580  0.049430    1.286260 0.198353
                       log1p(total_same_5s_w2) -0.006434  0.018925   -0.339959 0.733887
                        log1p(total_opp_5s_w2)  0.003631  0.013684    0.265375 0.790720
                               max_size_30s_w0  0.007126  0.013022    0.547252 0.584206
                               avg_size_30s_w0  0.000394  0.012684    0.031028 0.975247
                             same_count_30s_w0 -0.100747  0.751604   -0.134043 0.893369
                              opp_count_30s_w0  0.126212  0.745619    0.169271 0.865583
                             total_same_30s_w0  0.009015  0.023454    0.384358 0.700713
                              total_opp_30s_w0 -0.060071  0.022552   -2.663702 0.007729
                               max_size_30s_w1 -0.000687  0.009221   -0.074489 0.940621
                               avg_size_30s_w1  0.005634  0.009481    0.594169 0.552399
                             same_count_30s_w1 -0.150001  0.634620   -0.236363 0.813151
                              opp_count_30s_w1  0.161928  0.631839    0.256281 0.797734
                             total_same_30s_w1  0.035462  0.022663    1.564769 0.117637
                              total_opp_30s_w1 -0.012931  0.020491   -0.631049 0.528008
                               max_size_30s_w2 -0.012824  0.009546   -1.343403 0.179142
                               avg_size_30s_w2  0.011507  0.009887    1.163799 0.244505
                             same_count_30s_w2  0.061123  0.616341    0.099171 0.921003
                              opp_count_30s_w2 -0.058106  0.620202   -0.093690 0.925356
                      log1p(total_same_30s_w2) -0.043446  0.014823   -2.931033 0.003378
                              total_opp_30s_w2  0.017204  0.020841    0.825479 0.409100
                              max_size_300s_w0 -0.001909  0.010168   -0.187783 0.851047
                              avg_size_300s_w0 -0.017630  0.013281   -1.327498 0.184344
                            same_count_300s_w0 -0.203469  5.710987   -0.035628 0.971579
                             opp_count_300s_w0  0.111100  5.702941    0.019481 0.984457
                            total_same_300s_w0  0.013222  0.034807    0.379857 0.704052
                             total_opp_300s_w0  0.094957  0.037427    2.537104 0.011177
                              max_size_300s_w1 -0.005131  0.008583   -0.597841 0.549946
                              avg_size_300s_w1  0.026841  0.010240    2.621291 0.008760
                            same_count_300s_w1 -0.015858  4.677268   -0.003390 0.997295
                             opp_count_300s_w1  0.039800  4.653450    0.008553 0.993176
                            total_same_300s_w1 -0.043877  0.032013   -1.370586 0.170504
                             total_opp_300s_w1  0.018170  0.030776    0.590373 0.554941
                              max_size_300s_w2  0.007153  0.008180    0.874432 0.381883
                              avg_size_300s_w2  0.001908  0.009799    0.194754 0.845585
                            same_count_300s_w2 -0.009948  4.615457   -0.002155 0.998280
                             opp_count_300s_w2 -0.004164  4.640686   -0.000897 0.999284
                            total_same_300s_w2  0.016157  0.029244    0.552506 0.580602
                             total_opp_300s_w2  0.032456  0.030181    1.075369 0.282210
                           ret_autocov_80ms_w0 -0.002765  0.008233   -0.335899 0.736947
                               ret_sum_80ms_w0  0.043476  0.022591    1.924462 0.054297
                log1p(trade_intensity_80ms_w0) -0.014939  0.009659   -1.546678 0.121941
                           ret_autocov_80ms_w1 -0.012970  0.006007   -2.159220 0.030833
                               ret_sum_80ms_w1 -0.018960  0.014709   -1.288995 0.197400
                log1p(trade_intensity_80ms_w1) -0.013981  0.018891   -0.740075 0.459255
                           ret_autocov_80ms_w2  0.023732  0.014606    1.624799 0.104205
                               ret_sum_80ms_w2  0.020565  0.011341    1.813345 0.069779
                log1p(trade_intensity_80ms_w2)  0.028025  0.019219    1.458180 0.144791
                             ret_autocov_1s_w0 -0.003577  0.008722   -0.410176 0.681677
                                 ret_sum_1s_w0  0.099705  0.040412    2.467230 0.013616
                         trade_intensity_1s_w0 -0.001960  0.007262   -0.269839 0.787284
                             ret_autocov_1s_w1  0.009103  0.009545    0.953657 0.340257
                                 ret_sum_1s_w1  0.018596  0.025955    0.716456 0.473710
                  log1p(trade_intensity_1s_w1)  0.009911  0.016834    0.588757 0.556024
                             ret_autocov_1s_w2  0.000998  0.008707    0.114580 0.908778
                                 ret_sum_1s_w2 -0.012499  0.014456   -0.864657 0.387227
                  log1p(trade_intensity_1s_w2) -0.012338  0.016826   -0.733306 0.463372
                             ret_autocov_5s_w0 -0.003116  0.014311   -0.217703 0.827661
                                 ret_sum_5s_w0  0.009381  0.048817    0.192176 0.847604
                         trade_intensity_5s_w0  0.080819  0.051256    1.576755 0.114852
                             ret_autocov_5s_w1 -0.001060  0.008861   -0.119604 0.904797
                                 ret_sum_5s_w1  0.016772  0.037905    0.442469 0.658150
                         trade_intensity_5s_w1  0.042883  0.047580    0.901273 0.367443
                             ret_autocov_5s_w2  0.004689  0.008283    0.566185 0.571268
                                 ret_sum_5s_w2  0.031486  0.029249    1.076457 0.281723
                         trade_intensity_5s_w2 -0.060906  0.050855   -1.197643 0.231056
                            ret_autocov_30s_w0 -0.020590  0.013309   -1.547050 0.121851
                                ret_sum_30s_w0  0.000806  0.049454    0.016299 0.986996
                        trade_intensity_30s_w0  0.003662  1.409917    0.002597 0.997928
                            ret_autocov_30s_w1  0.012443  0.010368    1.200131 0.230088
                                ret_sum_30s_w1  0.046218  0.037396    1.235913 0.216491
                        trade_intensity_30s_w1 -0.019579  1.196057   -0.016370 0.986939
                            ret_autocov_30s_w2 -0.007738  0.007711   -1.003454 0.315642
                                ret_sum_30s_w2 -0.017020  0.028793   -0.591137 0.554428
                        trade_intensity_30s_w2 -0.011451  1.170623   -0.009782 0.992195
                           ret_autocov_300s_w0  0.007041  0.012195    0.577315 0.563726
                               ret_sum_300s_w0  0.066390  0.044479    1.492626 0.135535
                       trade_intensity_300s_w0 -0.042010 11.292431   -0.003720 0.997032
                           ret_autocov_300s_w1 -0.010381  0.010096   -1.028238 0.303838
                               ret_sum_300s_w1 -0.003801  0.031661   -0.120050 0.904443
                       trade_intensity_300s_w1  0.012085  9.239628    0.001308 0.998956
                           ret_autocov_300s_w2 -0.000931  0.008079   -0.115257 0.908241
                               ret_sum_300s_w2 -0.011905  0.020235   -0.588342 0.556303
                       trade_intensity_300s_w2 -0.004225  9.166615   -0.000461 0.999632
                                  top_near_liq  0.042862  0.011700    3.663423 0.000249
                                   top_opp_liq -0.108632  0.014610   -7.435577 0.000000
                                  ob_near_half -0.123975  0.012275  -10.100115 0.000000
                                     totb_mean -0.003317  0.007071   -0.469177 0.638943
                                    log1p(age)  0.087608  0.008001   10.949162 0.000000
                                    is_weekend -0.021971  0.007884   -2.786765 0.005324
  opp_count_80ms_w0 * log1p(total_opp_80ms_w0) -0.020445  0.019708   -1.037389 0.299555
       top_near_liq * log1p(total_opp_80ms_w0)  0.052022  0.011006    4.726887 0.000002
                ob_near_half * opp_count_1s_w0  0.022764  0.008501    2.677889 0.007409
            ret_vwap_80ms_w1 * opp_count_1s_w0  0.006851  0.009569    0.715877 0.474067
    log1p(amplitude_80ms_w0) * amplitude_1s_w0  0.022843  0.014681    1.555984 0.119712
log1p(amplitude_80ms_w0) * ret_autocov_300s_w1 -0.000194  0.009043   -0.021411 0.982918

Shadow consistency backtest (validation-stage selected threshold on test days):
 threshold_quantile  threshold  Sharpe1H365  Sortino1H365  ReturnPct  AnnualReturnPct  MaxDrawdownPct  ReturnOverMDD  DailyTrades  DailyTradingValuePct  MaxPositionValue  roundtrip_count  valid_for_selection
           0.950000   0.117886    11.865483     21.370939   0.002275         0.866605        0.001597       1.424820    80.347826             80.293145         89.738450               38                 True

Applied refit-period threshold for test: logistic=0.127117583156

Test balanced-inventory backtest (Logistic, selected threshold, refit on pre-test window):
 threshold_quantile  threshold  Sharpe1H365  Sortino1H365  ReturnPct  AnnualReturnPct  MaxDrawdownPct  ReturnOverMDD  DailyTrades  DailyTradingValuePct  MaxPositionValue  roundtrip_count  valid_for_selection
           0.950000   0.127118    23.562366     53.826893   0.004954         1.886866        0.002092       2.367747    69.913043             69.833220         89.738450               33                 True
